0.8504100 0.1072929 0.0690337 0.0957734 0.0677332 0.0649098 0.0682946 0.0707235 0.0640859 0.0604646 0.0611829 0.0687714 0.0578595 0.0580840 0.0611268 0.0603816 -0.0489633 -0.0288855 -0.0256604 -0.0415209 -0.0480331 -0.0203821 -0.0404306 -0.0328696 0.0299025 0.0248633 0.0271094 0.0151110 0.0240287 0.0220655 0.0322492 0.0232535 0.0249558 0.0247791 0.0116071 0.0302607 0.0211549 0.0218849 0.0246506 0.0176234 0.0069526 0.0088541 0.0131724 0.0027285 0.0145199 0.0197238 0.0108506 0.0078263 -0.0616052 -0.0122215 -0.0243683 -0.0313570 -0.0248682 -0.0100121 -0.0164313 -0.0295355 -0.0372423 -0.0283436 0.0092054 -0.0182365 0.0136485 0.0037664 0.0049875 -0.0000141 -0.0141295 0.0021057 -0.0216172 0.0061924 -0.0209771 0.0131804 -0.0224897 -0.0460644 -0.0446826 -0.0122035 -0.0224894 -0.0209626 -0.0294449 -0.0537596 -0.0299210 -0.1103722 -0.1145559 -0.0302833 -0.0349117 -0.0168092 -0.0644226 -0.0467993 -0.1570852 -0.0402546 -0.0731580 -0.0615201 -0.0610734 -0.0277370 -0.1103766 -0.0335891 -0.1399478
0.1072929 0.8428992 0.0653725 0.1026601 0.0679831 0.0666869 0.0707309 0.0710498 0.0656011 0.0644716 0.0656924 0.0686370 0.0640444 0.0610758 0.0598732 0.0652179 -0.0565316 -0.0290436 -0.0265411 -0.0404496 -0.0536654 -0.0239645 -0.0408189 -0.0433482 0.0303148 0.0221121 0.0282448 0.0205798 0.0257348 0.0282903 0.0328250 0.0256850 0.0247499 0.0258779 0.0143773 0.0318062 0.0195766 0.0252964 0.0241440 0.0222152 0.0066692 0.0118149 0.0132178 0.0029264 0.0119699 0.0215401 0.0071121 0.0024555 -0.0628580 -0.0067887 -0.0258550 -0.0339437 -0.0233252 -0.0115853 -0.0173078 -0.0294328 -0.0401818 -0.0286037 0.0119607 -0.0169488 0.0133931 0.0074871 0.0081169 -0.0010029 -0.0104257 0.0027515 -0.0199527 0.0036139 -0.0220930 0.0152687 -0.0265506 -0.0499584 -0.0440425 -0.0150706 -0.0222433 -0.0162688 -0.0305176 -0.0553630 -0.0289961 -0.1173568 -0.1189080 -0.0313348 -0.0365414 -0.0208575 -0.0703921 -0.0453787 -0.1629586 -0.0378753 -0.0762000 -0.0636305 -0.0633579 -0.0272164 -0.1165636 -0.0320983 -0.1438435
0.0690337 0.0653725 0.8406675 0.0646122 0.1092611 0.1044144 0.1260648 0.1089250 0.0683753 0.0668330 0.0630844 0.0669191 0.0669462 0.0636559 0.0678184 0.0638895 -0.0560368 -0.0355094 -0.0258887 -0.0471832 -0.0560086 -0.0268733 -0.0445466 -0.0446131 0.0295588 0.0233036 0.0331087 0.0237091 0.0246896 0.0297372 0.0385740 0.0210874 0.0327267 0.0281414 0.0147778 0.0376954 0.0241998 0.0224509 0.0277676 0.0273775 0.0105777 0.0107030 0.0158149 0.0021603 0.0154398 0.0247383 0.0087319 0.0059939 -0.0666820 -0.0115554 -0.0227212 -0.0376532 -0.0224800 -0.0104375 -0.0185935 -0.0313589 -0.0380903 -0.0302368 0.0074212 -0.0201179 0.0147804 0.0038992 0.0073413 -0.0036638 -0.0161449 -0.0035064 -0.0231877 0.0063196 -0.0251319 0.0121364 -0.0267781 -0.0485803 -0.0483172 -0.0107953 -0.0183032 -0.0209493 -0.0344880 -0.0595528 -0.0298772 -0.1242241 -0.1301795 -0.0305584 -0.0338710 -0.0221384 -0.0738385 -0.0444488 -0.1714680 -0.0487552 -0.0821257 -0.0634760 -0.0633660 -0.0313742 -0.1227117 -0.0408999 -0.1521865
0.0957734 0.1026601 0.0646122 0.8573726 0.0638888 0.0622277 0.0650923 0.0688497 0.0634236 0.0579872 0.0618907 0.0613487 0.0579896 0.0570254 0.0599139 0.0608380 -0.0522401 -0.0312556 -0.0264889 -0.0443362 -0.0522621 -0.0279451 -0.0412415 -0.0374361 0.0303697 0.0220424 0.0302719 0.0237865 0.0286866 0.0274051 0.0363803 0.0244410 0.0271129 0.0249668 0.0157036 0.0311831 0.0221194 0.0266620 0.0266973 0.0214321 0.0103029 0.0119006 0.0216565 0.0041441 0.0156485 0.0205525 0.0106386 0.0074524 -0.0598389 -0.0086952 -0.0203061 -0.0340259 -0.0220661 -0.0118517 -0.0118144 -0.0287976 -0.0381669 -0.0269315 0.0122129 -0.0115638 0.0132443 0.0057748 0.0081148 0.0013193 -0.0075190 0.0008666 -0.0236271 0.0086615 -0.0221219 0.0174057 -0.0244801 -0.0449956 -0.0463976 -0.0104175 -0.0197564 -0.0169938 -0.0307226 -0.0523715 -0.0284707 -0.1152922 -0.1181421 -0.0294833 -0.0293764 -0.0176487 -0.0691651 -0.0457654 -0.1620177 -0.0370342 -0.0769028 -0.0597010 -0.0602776 -0.0249600 -0.1154801 -0.0337753 -0.1410857
0.0677332 0.0679831 0.1092611 0.0638888 0.8559757 0.1177348 0.1223440 0.1174932 0.0689486 0.0640727 0.0641425 0.0666754 0.0669877 0.0650258 0.0609204 0.0640555 -0.0596471 -0.0331991 -0.0301444 -0.0471287 -0.0568562 -0.0250536 -0.0463240 -0.0439774 0.0347950 0.0256237 0.0332581 0.0214215 0.0259860 0.0291569 0.0406193 0.0259869 0.0308346 0.0282807 0.0122979 0.0370736 0.0229537 0.0260825 0.0310128 0.0248785 0.0148539 0.0134218 0.0157239 0.0051463 0.0149006 0.0221059 0.0103712 0.0059375 -0.0652047 -0.0100308 -0.0270720 -0.0330250 -0.0231628 -0.0077678 -0.0173198 -0.0327884 -0.0389831 -0.0307186 0.0091476 -0.0239698 0.0150029 0.0080113 0.0086115 -0.0031269 -0.0097835 0.0019281 -0.0236196 0.0054788 -0.0221554 0.0184224 -0.0257283 -0.0502775 -0.0526911 -0.0093678 -0.0177164 -0.0199048 -0.0331465 -0.0597494 -0.0308192 -0.1282638 -0.1328503 -0.0297902 -0.0359972 -0.0239863 -0.0718910 -0.0445637 -0.1727933 -0.0461194 -0.0825718 -0.0647398 -0.0649863 -0.0293134 -0.1268656 -0.0417067 -0.1512589
0.0649098 0.0666869 0.1044144 0.0622277 0.1177348 0.8463933 0.1155447 0.1126877 0.0683112 0.0629597 0.0627393 0.0661679 0.0642183 0.0616486 0.0612682 0.0655098 -0.0565884 -0.0327014 -0.0307748 -0.0458463 -0.0523018 -0.0242596 -0.0424918 -0.0417551 0.0325069 0.0255633 0.0321667 0.0241375 0.0285121 0.0292943 0.0354005 0.0230188 0.0314096 0.0276029 0.0107996 0.0327745 0.0174687 0.0220039 0.0208547 0.0229235 0.0128150 0.0126092 0.0169850 0.0041149 0.0152063 0.0231274 0.0109112 0.0005772 -0.0639707 -0.0130902 -0.0287103 -0.0321207 -0.0233149 -0.0099909 -0.0206071 -0.0291643 -0.0439601 -0.0319905 0.0069068 -0.0211163 0.0149527 0.0039604 0.0066544 -0.0016837 -0.0122916 0.0016430 -0.0245882 0.0011473 -0.0205362 0.0133978 -0.0284125 -0.0500607 -0.0509856 -0.0100911 -0.0212928 -0.0202517 -0.0313126 -0.0605741 -0.0290742 -0.1224055 -0.1291045 -0.0298568 -0.0339938 -0.0224436 -0.0705683 -0.0422177 -0.1671813 -0.0458778 -0.0774758 -0.0686016 -0.0685432 -0.0287126 -0.1197016 -0.0423858 -0.1436922
0.0682946 0.0707309 0.1260648 0.0650923 0.1223440 0.1155447 0.8407570 0.1248816 0.0694495 0.0701148 0.0678050 0.0725490 0.0685780 0.0675571 0.0625597 0.0669405 -0.0617660 -0.0329800 -0.0258889 -0.0416817 -0.0574601 -0.0251108 -0.0460241 -0.0452869 0.0309630 0.0255876 0.0323553 0.0227079 0.0256039 0.0302008 0.0368763 0.0252851 0.0315470 0.0293691 0.0152742 0.0369963 0.0185811 0.0242955 0.0269424 0.0279454 0.0128936 0.0130521 0.0148460 0.0020780 0.0118710 0.0216080 0.0073178 0.0026318 -0.0668918 -0.0126016 -0.0273361 -0.0382753 -0.0257221 -0.0112439 -0.0241089 -0.0325978 -0.0391521 -0.0320574 0.0048527 -0.0264233 0.0115750 0.0039607 0.0045800 -0.0013334 -0.0118967 0.0017552 -0.0230215 0.0040406 -0.0273269 0.0135458 -0.0308483 -0.0529728 -0.0519382 -0.0120619 -0.0199465 -0.0182304 -0.0334231 -0.0603358 -0.0323505 -0.1276661 -0.1333207 -0.0315270 -0.0346478 -0.0255626 -0.0748778 -0.0454609 -0.1767447 -0.0478174 -0.0861578 -0.0665440 -0.0686276 -0.0311030 -0.1282057 -0.0457691 -0.1578967
0.0707235 0.0710498 0.1089250 0.0688497 0.1174932 0.1126877 0.1248816 0.8498591 0.0727475 0.0687628 0.0677670 0.0759316 0.0662563 0.0672115 0.0675412 0.0669842 -0.0598060 -0.0352416 -0.0268659 -0.0454367 -0.0569240 -0.0267891 -0.0456259 -0.0503317 0.0319979 0.0294499 0.0332415 0.0243400 0.0263277 0.0268323 0.0391787 0.0261544 0.0325270 0.0291471 0.0148003 0.0386659 0.0223224 0.0247068 0.0279486 0.0262960 0.0154988 0.0122957 0.0170569 0.0048477 0.0134061 0.0272648 0.0106973 0.0066091 -0.0681337 -0.0108779 -0.0301062 -0.0323507 -0.0268058 -0.0099584 -0.0178213 -0.0334559 -0.0419113 -0.0356155 0.0075634 -0.0212239 0.0147877 0.0054761 0.0069297 -0.0036284 -0.0142800 0.0034279 -0.0261685 0.0039809 -0.0229396 0.0188906 -0.0282832 -0.0498269 -0.0512506 -0.0085841 -0.0208940 -0.0198387 -0.0319416 -0.0626192 -0.0334764 -0.1302456 -0.1347311 -0.0328551 -0.0352981 -0.0228275 -0.0723968 -0.0464201 -0.1785673 -0.0426422 -0.0839786 -0.0682823 -0.0691100 -0.0310604 -0.1292124 -0.0416283 -0.1533367
0.0640859 0.0656011 0.0683753 0.0634236 0.0689486 0.0683112 0.0694495 0.0727475 0.8723951 0.0985444 0.1067425 0.0992046 0.1013548 0.0966705 0.0678887 0.0707704 -0.0582207 -0.0332676 -0.0295142 -0.0440917 -0.0567305 -0.0309064 -0.0441960 -0.0428815 0.0360238 0.0275756 0.0333024 0.0267090 0.0284900 0.0322180 0.0400605 0.0284360 0.0303319 0.0278348 0.0129710 0.0372724 0.0242409 0.0262164 0.0257819 0.0241100 0.0135540 0.0109784 0.0167652 0.0089089 0.0185202 0.0261068 0.0142164 0.0099798 -0.0634864 -0.0099613 -0.0229508 -0.0372640 -0.0254295 -0.0106191 -0.0115498 -0.0320874 -0.0417141 -0.0269231 0.0095789 -0.0182259 0.0177707 0.0092923 0.0108548 -0.0005463 -0.0103243 0.0065720 -0.0224997 0.0100653 -0.0201459 0.0195263 -0.0258319 -0.0493451 -0.0443076 -0.0115916 -0.0193681 -0.0212104 -0.0389787 -0.0594464 -0.0290557 -0.1258684 -0.1292571 -0.0293785 -0.0380356 -0.0193933 -0.0749886 -0.0460448 -0.1713498 -0.0415755 -0.0827575 -0.0713328 -0.0695720 -0.0292521 -0.1284831 -0.0390125 -0.1537572
0.0604646 0.0644716 0.0668330 0.0579872 0.0640727 0.0629597 0.0701148 0.0687628 0.0985444 0.8527215 0.0999121 0.1049011 0.1156851 0.1028519 0.0648378 0.0679793 -0.0605057 -0.0315009 -0.0312378 -0.0421779 -0.0576731 -0.0270601 -0.0448072 -0.0429943 0.0296836 0.0270670 0.0295417 0.0234588 0.0237013 0.0275160 0.0318370 0.0239411 0.0288669 0.0273428 0.0120593 0.0372274 0.0199056 0.0247216 0.0287452 0.0243168 0.0076715 0.0089233 0.0156831 0.0071563 0.0158937 0.0222121 0.0091771 0.0087794 -0.0668694 -0.0093117 -0.0253912 -0.0332609 -0.0264411 -0.0082032 -0.0176165 -0.0295155 -0.0383132 -0.0292800 0.0061593 -0.0181262 0.0136040 0.0060049 0.0072188 -0.0052794 -0.0111298 0.0026556 -0.0250229 0.0072209 -0.0231695 0.0131436 -0.0285650 -0.0486739 -0.0462000 -0.0143296 -0.0221335 -0.0178270 -0.0340571 -0.0597707 -0.0309536 -0.1211351 -0.1246799 -0.0307319 -0.0348986 -0.0188992 -0.0746968 -0.0437454 -0.1672249 -0.0440175 -0.0798801 -0.0682515 -0.0691895 -0.0285507 -0.1227125 -0.0405380 -0.1490635
0.0611829 0.0656924 0.0630844 0.0618907 0.0641425 0.0627393 0.0678050 0.0677670 0.1067425 0.0999121 0.8722786 0.1138745 0.1037639 0.1014391 0.0692648 0.0686468 -0.0588064 -0.0352272 -0.0270868 -0.0458178 -0.0559177 -0.0291177 -0.0430574 -0.0461061 0.0330901 0.0252555 0.0314352 0.0280088 0.0283505 0.0279434 0.0374243 0.0251678 0.0314046 0.0272878 0.0144278 0.0379768 0.0250456 0.0249103 0.0289245 0.0243066 0.0139606 0.0105317 0.0169960 0.0073612 0.0157324 0.0261505 0.0099334 0.0082465 -0.0643060 -0.0111061 -0.0225298 -0.0342329 -0.0244962 -0.0092921 -0.0137845 -0.0329553 -0.0424917 -0.0254262 0.0114462 -0.0168814 0.0139864 0.0056402 0.0055164 -0.0005945 -0.0126739 0.0030115 -0.0218839 0.0076468 -0.0232689 0.0150802 -0.0257667 -0.0495705 -0.0464425 -0.0129853 -0.0193193 -0.0211560 -0.0363343 -0.0595101 -0.0324599 -0.1223642 -0.1256862 -0.0308591 -0.0328516 -0.0196818 -0.0742886 -0.0459695 -0.1681169 -0.0424949 -0.0854049 -0.0672807 -0.0665580 -0.0259939 -0.1275938 -0.0385362 -0.1530657
0.0687714 0.0686370 0.0669191 0.0613487 0.0666754 0.0661679 0.0725490 0.0759316 0.0992046 0.1049011 0.1138745 0.8606203 0.1076265 0.1022750 0.0658200 0.0714073 -0.0606832 -0.0309429 -0.0284988 -0.0451340 -0.0587551 -0.0268939 -0.0406522 -0.0443256 0.0294694 0.0233298 0.0290483 0.0223803 0.0250562 0.0287145 0.0348844 0.0233031 0.0287464 0.0280962 0.0142219 0.0384381 0.0229998 0.0233930 0.0261658 0.0196953 0.0130940 0.0086320 0.0205777 0.0045595 0.0192181 0.0219297 0.0120123 0.0057710 -0.0703185 -0.0118683 -0.0231507 -0.0344623 -0.0236886 -0.0065290 -0.0171425 -0.0339923 -0.0426106 -0.0240007 0.0098054 -0.0237696 0.0132994 0.0056596 0.0062305 -0.0057351 -0.0118206 0.0015184 -0.0210284 0.0053714 -0.0213485 0.0165614 -0.0253084 -0.0509558 -0.0483124 -0.0186273 -0.0245622 -0.0198377 -0.0379164 -0.0624270 -0.0281882 -0.1228296 -0.1262285 -0.0314415 -0.0364922 -0.0235792 -0.0777230 -0.0470279 -0.1676226 -0.0427224 -0.0841878 -0.0714534 -0.0702321 -0.0316130 -0.1241086 -0.0388180 -0.1547301
0.0578595 0.0640444 0.0669462 0.0579896 0.0669877 0.0642183 0.0685780 0.0662563 0.1013548 0.1156851 0.1037639 0.1076265 0.8560557 0.1102643 0.0682406 0.0696320 -0.0625687 -0.0317909 -0.0279038 -0.0454332 -0.0597012 -0.0250484 -0.0431582 -0.0444083 0.0313410 0.0233200 0.0341892 0.0237828 0.0266643 0.0278509 0.0366452 0.0249603 0.0309065 0.0279215 0.0102084 0.0375835 0.0240454 0.0260294 0.0278856 0.0212042 0.0082708 0.0074353 0.0139251 0.0102084 0.0148350 0.0208849 0.0129260 0.0049863 -0.0662297 -0.0100235 -0.0277137 -0.0295034 -0.0218157 -0.0134062 -0.0148764 -0.0327996 -0.0414397 -0.0286561 0.0108353 -0.0205799 0.0147688 0.0038845 0.0067782 -0.0090790 -0.0100752 0.0038716 -0.0246046 0.0045451 -0.0227777 0.0158265 -0.0274093 -0.0484986 -0.0494662 -0.0128725 -0.0215386 -0.0193112 -0.0356085 -0.0601261 -0.0285196 -0.1265110 -0.1266998 -0.0326445 -0.0374867 -0.0228229 -0.0773979 -0.0472088 -0.1693467 -0.0447608 -0.0835565 -0.0698751 -0.0702410 -0.0302330 -0.1258517 -0.0412500 -0.1514490
0.0580840 0.0610758 0.0636559 0.0570254 0.0650258 0.0616486 0.0675571 0.0672115 0.0966705 0.1028519 0.1014391 0.1022750 0.1102643 0.8553647 0.0668779 0.0606075 -0.0553328 -0.0286694 -0.0235496 -0.0452571 -0.0569263 -0.0240646 -0.0425951 -0.0404873 0.0318200 0.0210117 0.0289893 0.0238374 0.0260864 0.0261100 0.0318423 0.0231515 0.0249444 0.0270813 0.0128114 0.0363873 0.0233515 0.0227486 0.0232700 0.0255887 0.0114464 0.0087574 0.0173228 0.0077926 0.0143177 0.0247353 0.0109687 0.0087325 -0.0649276 -0.0113827 -0.0253711 -0.0367122 -0.0254912 -0.0138225 -0.0148207 -0.0287654 -0.0434288 -0.0289217 0.0087259 -0.0185645 0.0137492 0.0028642 0.0046736 -0.0023175 -0.0132581 0.0038706 -0.0225941 0.0074688 -0.0207130 0.0129182 -0.0269260 -0.0504109 -0.0465745 -0.0118613 -0.0208619 -0.0170713 -0.0331041 -0.0579060 -0.0299881 -0.1235822 -0.1220621 -0.0334024 -0.0333656 -0.0201354 -0.0770998 -0.0430751 -0.1667595 -0.0418544 -0.0849495 -0.0682403 -0.0678042 -0.0261893 -0.1246714 -0.0321480 -0.1494378
0.0611268 0.0598732 0.0678184 0.0599139 0.0609204 0.0612682 0.0625597 0.0675412 0.0678887 0.0648378 0.0692648 0.0658200 0.0682406 0.0668779 0.8520274 0.0658497 -0.0500579 -0.0281705 -0.0232920 -0.0441876 -0.0521998 -0.0194913 -0.0392460 -0.0398072 0.0285082 0.0236453 0.0323736 0.0232739 0.0251211 0.0283104 0.0375314 0.0219632 0.0279641 0.0251103 0.0158757 0.0325741 0.0205493 0.0267714 0.0254565 0.0258983 0.0056431 0.0112650 0.0147820 0.0079770 0.0153572 0.0244385 0.0066250 0.0089813 -0.0592327 -0.0076200 -0.0204712 -0.0322127 -0.0204959 -0.0075028 -0.0116941 -0.0272452 -0.0356351 -0.0222373 0.0117022 -0.0157373 0.0129204 0.0045750 0.0046838 -0.0062132 -0.0119313 -0.0034762 -0.0202577 0.0079287 -0.0239229 0.0142305 -0.0219581 -0.0436786 -0.0424895 -0.0156768 -0.0200849 -0.0202273 -0.0358767 -0.0529301 -0.0300459 -0.1114945 -0.1174881 -0.0250115 -0.0255034 -0.0177885 -0.0661603 -0.0406338 -0.1581545 -0.0398079 -0.0747837 -0.0620934 -0.0607849 -0.0278566 -0.1112106 -0.0371079 -0.1381924
0.0603816 0.0652179 0.0638895 0.0608380 0.0640555 0.0655098 0.0669405 0.0669842 0.0707704 0.0679793 0.0686468 0.0714073 0.0696320 0.0606075 0.0658497 0.8597319 -0.0579114 -0.0344041 -0.0289832 -0.0401449 -0.0516681 -0.0215946 -0.0412735 -0.0399936 0.0304811 0.0296352 0.0313582 0.0237516 0.0277272 0.0297570 0.0382165 0.0294972 0.0356014 0.0248082 0.0181633 0.0371039 0.0228420 0.0265408 0.0261712 0.0213721 0.0111418 0.0125125 0.0217686 0.0049594 0.0138069 0.0251391 0.0131574 0.0055380 -0.0595595 -0.0100817 -0.0199052 -0.0334555 -0.0222024 -0.0093051 -0.0169500 -0.0297648 -0.0382841 -0.0221547 0.0087754 -0.0147042 0.0151141 0.0056407 0.0068797 -0.0033670 -0.0077760 0.0023983 -0.0202285 0.0056838 -0.0244666 0.0144665 -0.0214500 -0.0463306 -0.0442165 -0.0085951 -0.0199421 -0.0148878 -0.0314011 -0.0570487 -0.0270683 -0.1128921 -0.1171872 -0.0262992 -0.0323299 -0.0191664 -0.0670588 -0.0441777 -0.1610671 -0.0390160 -0.0726326 -0.0648356 -0.0634427 -0.0253587 -0.0954598 -0.0410247 -0.1437381
-0.0489633 -0.0565316 -0.0560368 -0.0522401 -0.0596471 -0.0565884 -0.0617660 -0.0598060 -0.0582207 -0.0605057 -0.0588064 -0.0606832 -0.0625687 -0.0553328 -0.0500579 -0.0579114 1.0901308 0.0447881 0.0442788 0.0765061 0.0814536 0.0376155 0.0570330 0.0771779 -0.0494017 -0.0445760 -0.0496091 -0.0337478 -0.0485280 -0.0468469 -0.0606979 -0.0525235 -0.0567029 -0.0258075 -0.0241709 -0.0518877 -0.0325127 -0.0346771 -0.0444785 -0.0415072 -0.0159172 -0.0205204 -0.0394673 -0.0260593 -0.0335743 -0.0346404 -0.0191707 -0.0345073 0.0559338 -0.0144695 0.0052674 0.0215303 -0.0131740 -0.0019213 0.0069797 0.0128739 0.0296187 0.0081532 -0.0397519 -0.0018849 -0.0358556 -0.0375039 -0.0361028 -0.0212679 -0.0111929 -0.0190662 -0.0037415 -0.0330833 -0.0008633 -0.0342276 -0.0014623 0.0308090 0.0302374 -0.0017902 0.0023011 -0.0081568 0.0117086 0.0287137 0.0159795 0.1004995 0.1067705 0.0098625 0.0205837 -0.0016372 0.0575314 0.0177808 0.1566411 0.0231727 0.0665334 0.0229419 0.0242530 -0.0064153 0.1031533 0.0256832 0.1334393
-0.0288855 -0.0290436 -0.0355094 -0.0312556 -0.0331991 -0.0327014 -0.0329800 -0.0352416 -0.0332676 -0.0315009 -0.0352272 -0.0309429 -0.0317909 -0.0286694 -0.0281705 -0.0344041 0.0447881 1.0203198 0.0453065 0.0546752 0.0519339 0.0408905 0.0472667 0.0457899 -0.0312825 -0.0361194 -0.0348294 -0.0301366 -0.0292875 -0.0376016 -0.0422027 -0.0377152 -0.0370781 -0.0160069 -0.0273221 -0.0390587 -0.0269291 -0.0314922 -0.0349474 -0.0350855 -0.0143494 -0.0288781 -0.0252180 -0.0181947 -0.0172067 -0.0302286 -0.0234338 -0.0253696 0.0227600 -0.0146718 0.0016130 -0.0088019 -0.0120865 0.0004335 -0.0164525 0.0007666 0.0117540 0.0064855 -0.0280370 -0.0054524 -0.0339092 -0.0338551 -0.0328956 -0.0179524 -0.0084880 -0.0201848 -0.0055187 -0.0237278 -0.0137771 -0.0260777 -0.0091218 0.0148732 0.0131826 -0.0074274 -0.0046930 0.0059655 -0.0007235 0.0228772 0.0079051 0.0540533 0.0568229 0.0029991 0.0125269 -0.0073044 0.0302047 0.0185645 0.0965328 0.0012642 0.0313226 0.0143329 0.0160718 0.0022176 0.0675597 0.0009271 0.0879802
-0.0256604 -0.0265411 -0.0258887 -0.0264889 -0.0301444 -0.0307748 -0.0258889 -0.0268659 -0.0295142 -0.0312378 -0.0270868 -0.0284988 -0.0279038 -0.0235496 -0.0232920 -0.0289832 0.0442788 0.0453065 1.0135506 0.0515559 0.0573267 0.0367840 0.0408596 0.0426466 -0.0300326 -0.0248767 -0.0247299 -0.0281315 -0.0270378 -0.0352315 -0.0334586 -0.0322871 -0.0349013 -0.0136918 -0.0257374 -0.0261881 -0.0293779 -0.0301113 -0.0325034 -0.0274811 -0.0194027 -0.0228679 -0.0271501 -0.0180951 -0.0072073 -0.0237730 -0.0223558 -0.0193903 0.0273535 -0.0091747 0.0010700 -0.0063780 -0.0044619 -0.0046410 -0.0090073 0.0094078 -0.0001208 -0.0019476 -0.0273906 -0.0004641 -0.0330175 -0.0262433 -0.0263939 -0.0143579 -0.0126717 -0.0214734 -0.0070546 -0.0177564 -0.0212153 -0.0239530 -0.0143696 0.0014934 0.0042693 -0.0059129 -0.0060752 -0.0034860 0.0000339 0.0093440 0.0001708 0.0506491 0.0618925 -0.0037446 0.0119483 -0.0159125 0.0221294 0.0095862 0.0793755 0.0034881 0.0096589 0.0118468 0.0110510 -0.0013691 0.0566222 -0.0000329 0.0646959
-0.0415209 -0.0404496 -0.0471832 -0.0443362 -0.0471287 -0.0458463 -0.0416817 -0.0454367 -0.0440917 -0.0421779 -0.0458178 -0.0451340 -0.0454332 -0.0452571 -0.0441876 -0.0401449 0.0765061 0.0546752 0.0515559 1.0742385 0.0613113 0.0577624 0.0766276 0.0568770 -0.0402302 -0.0369274 -0.0426174 -0.0367707 -0.0427859 -0.0452495 -0.0529088 -0.0438135 -0.0453891 -0.0213874 -0.0301948 -0.0437541 -0.0241145 -0.0379560 -0.0389361 -0.0396683 -0.0310189 -0.0325008 -0.0382989 -0.0240760 -0.0248477 -0.0421735 -0.0351523 -0.0200765 0.0408385 -0.0046736 0.0094621 0.0135406 0.0055492 -0.0055278 -0.0097442 -0.0063836 0.0111842 0.0109515 -0.0333897 0.0051119 -0.0365786 -0.0344819 -0.0319512 -0.0249605 -0.0081577 -0.0246887 -0.0035032 -0.0196066 -0.0181521 -0.0265254 -0.0123980 0.0121332 0.0171396 0.0090123 0.0044668 -0.0125968 0.0023207 0.0215449 0.0016070 0.0780787 0.0621923 -0.0016574 -0.0062610 0.0029264 0.0245111 0.0120788 0.1310352 0.0173559 0.0501704 0.0301277 0.0316368 0.0061261 0.0890983 -0.0121020 0.1086976
-0.0480331 -0.0536654 -0.0560086 -0.0522621 -0.0568562 -0.0523018 -0.0574601 -0.0569240 -0.0567305 -0.0576731 -0.0559177 -0.0587551 -0.0597012 -0.0569263 -0.0521998 -0.0516681 0.0814536 0.0519339 0.0573267 0.0613113 1.1126020 0.0540009 0.0665872 0.0702011 -0.0477905 -0.0390467 -0.0397553 -0.0413460 -0.0456774 -0.0568908 -0.0525285 -0.0503521 -0.0551207 -0.0259303 -0.0335289 -0.0511001 -0.0452444 -0.0403766 -0.0464408 -0.0402032 -0.0203168 -0.0310205 -0.0421283 -0.0267477 -0.0262791 -0.0403519 -0.0280723 -0.0395291 0.0568722 -0.0059972 0.0033365 0.0256586 0.0052405 -0.0130304 -0.0148932 0.0090607 0.0196824 -0.0003430 -0.0441687 -0.0068403 -0.0426233 -0.0324592 -0.0312701 -0.0157764 -0.0111340 -0.0282711 -0.0017919 -0.0406052 -0.0078553 -0.0318657 0.0017254 0.0285604 0.0253158 -0.0010752 0.0037280 -0.0165390 0.0122613 0.0474127 0.0045410 0.0959721 0.1016086 0.0032688 0.0113875 0.0069526 0.0439690 0.0125293 0.1599504 0.0236224 0.0670389 0.0319013 0.0313989 0.0122141 0.1117646 0.0271916 0.1301064
-0.0203821 -0.0239645 -0.0268733 -0.0279451 -0.0250536 -0.0242596 -0.0251108 -0.0267891 -0.0309064 -0.0270601 -0.0291177 -0.0268939 -0.0250484 -0.0240646 -0.0194913 -0.0215946 0.0376155 0.0408905 0.0367840 0.0577624 0.0540009 1.0248851 0.0502675 0.0567463 -0.0362384 -0.0229151 -0.0314154 -0.0219524 -0.0354804 -0.0390252 -0.0387347 -0.0342486 -0.0373270 -0.0139392 -0.0217620 -0.0303050 -0.0294386 -0.0248258 -0.0367899 -0.0284139 -0.0239819 -0.0311183 -0.0279842 -0.0192095 -0.0203714 -0.0333865 -0.0267318 -0.0226154 0.0284019 -0.0153814 0.0050095 0.0076498 0.0063010 -0.0102397 -0.0192158 -0.0051920 -0.0015707 0.0070546 -0.0200349 0.0016971 -0.0368985 -0.0233527 -0.0224499 -0.0221654 -0.0231800 -0.0231721 -0.0120987 -0.0229423 -0.0169704 -0.0217133 -0.0180036 0.0035631 0.0047809 -0.0057239 -0.0051630 -0.0103491 -0.0000268 0.0262131 0.0199908 0.0506259 0.0431895 -0.0086667 -0.0051137 0.0010891 0.0153342 0.0083911 0.0791249 0.0049002 0.0212898 0.0152554 0.0166634 -0.0014933 0.0573950 -0.0048194 0.0686501
-0.0404306 -0.0408189 -0.0445466 -0.0412415 -0.0463240 -0.0424918 -0.0460241 -0.0456259 -0.0441960 -0.0448072 -0.0430574 -0.0406522 -0.0431582 -0.0425951 -0.0392460 -0.0412735 0.0570330 0.0472667 0.0408596 0.0766276 0.0665872 0.0502675 1.0563860 0.0606250 -0.0416662 -0.0395210 -0.0417348 -0.0366862 -0.0399988 -0.0443909 -0.0416796 -0.0384805 -0.0430216 -0.0201983 -0.0301995 -0.0473600 -0.0388670 -0.0348656 -0.0451305 -0.0375949 -0.0181792 -0.0267913 -0.0329394 -0.0194782 -0.0272291 -0.0331230 -0.0288701 -0.0252320 0.0322480 -0.0053301 0.0116351 0.0132668 0.0005822 -0.0048298 -0.0119397 0.0056328 0.0043067 0.0243083 -0.0241247 0.0011111 -0.0397696 -0.0283857 -0.0281814 -0.0266411 -0.0165994 -0.0183314 -0.0070361 -0.0256028 -0.0111991 -0.0260990 -0.0125554 0.0172184 0.0095184 0.0058619 -0.0048100 -0.0124131 0.0086463 0.0224944 0.0120190 0.0834444 0.0734150 0.0026903 0.0050650 0.0066403 0.0388512 0.0158603 0.1195260 0.0258662 0.0526251 0.0220695 0.0232791 0.0017790 0.0835840 0.0045379 0.1112615
-0.0328696 -0.0433482 -0.0446131 -0.0374361 -0.0439774 -0.0417551 -0.0452869 -0.0503317 -0.0428815 -0.0429943 -0.0461061 -0.0443256 -0.0444083 -0.0404873 -0.0398072 -0.0399936 0.0771779 0.0457899 0.0426466 0.0568770 0.0702011 0.0567463 0.0606250 1.0565081 -0.0379352 -0.0262421 -0.0401922 -0.0278131 -0.0357011 -0.0415472 -0.0470989 -0.0326925 -0.0495174 -0.0200836 -0.0337313 -0.0401537 -0.0312630 -0.0309271 -0.0382981 -0.0379024 -0.0161603 -0.0284281 -0.0334478 -0.0200736 -0.0183242 -0.0317625 -0.0205901 -0.0343409 0.0290352 -0.0106828 0.0101650 0.0196915 -0.0080345 -0.0040693 -0.0002943 0.0013487 0.0127611 0.0064787 -0.0323345 -0.0121247 -0.0322836 -0.0282192 -0.0278588 -0.0273624 -0.0151168 -0.0267265 -0.0072237 -0.0337001 -0.0070191 -0.0202260 -0.0044760 0.0211519 0.0203609 -0.0072480 -0.0050279 -0.0044239 0.0074715 0.0298182 -0.0004487 0.0730776 0.0631136 -0.0021674 0.0036443 -0.0065387 0.0422271 0.0073831 0.1194894 0.0074734 0.0323290 0.0298146 0.0291692 -0.0029744 0.0775959 0.0091069 0.0976596
0.0299025 0.0303148 0.0295588 0.0303697 0.0347950 0.0325069 0.0309630 0.0319979 0.0360238 0.0296836 0.0330901 0.0294694 0.0313410 0.0318200 0.0285082 0.0304811 -0.0494017 -0.0312825 -0.0300326 -0.0402302 -0.0477905 -0.0362384 -0.0416662 -0.0379352 0.8439166 0.0229151 0.0306186 0.0429861 0.0569798 0.0675726 0.0673968 0.0438046 0.0260936 0.0181301 0.0148545 0.0286518 0.0162147 0.0185049 0.0140936 0.0221785 0.0044115 0.0087151 0.0153540 0.0053570 0.0132823 0.0210631 0.0062340 0.0038201 -0.0457107 -0.0119789 -0.0214462 -0.0232494 -0.0211608 -0.0075054 -0.0156309 -0.0176353 -0.0239802 -0.0229850 0.0068774 -0.0126879 0.0061567 -0.0016314 0.0002440 0.0027433 -0.0059117 0.0061193 -0.0134501 0.0016555 -0.0062304 0.0167394 -0.0139329 -0.0322205 -0.0350955 -0.0117385 -0.0167685 -0.0079560 -0.0256460 -0.0386434 -0.0264379 -0.0786640 -0.0928003 -0.0167427 -0.0153575 -0.0095943 -0.0525557 -0.0308657 -0.1230174 -0.0244518 -0.0571518 -0.0467427 -0.0480364 -0.0153920 -0.0907890 -0.0225189 -0.1093790
0.0248633 0.0221121 0.0233036 0.0220424 0.0256237 0.0255633 0.0255876 0.0294499 0.0275756 0.0270670 0.0252555 0.0233298 0.0233200 0.0210117 0.0236453 0.0296352 -0.0445760 -0.0361194 -0.0248767 -0.0369274 -0.0390467 -0.0229151 -0.0395210 -0.0262421 0.0229151 0.8553930 0.0636315 0.0129230 0.0313717 0.0202776 0.0316501 0.0215415 0.0230136 0.0154482 0.0065965 0.0266114 0.0132689 0.0144527 0.0163536 0.0211278 0.0028700 0.0103486 0.0095606 -0.0012671 0.0054374 0.0183821 0.0078783 -0.0018788 -0.0377752 -0.0028888 -0.0118798 -0.0199501 -0.0060733 -0.0008390 -0.0005049 -0.0202159 -0.0198833 -0.0150055 0.0086774 -0.0069019 0.0198508 0.0085036 0.0090979 -0.0008884 -0.0036724 0.0024621 -0.0162783 -0.0011528 -0.0161566 0.0065377 -0.0158682 -0.0305250 -0.0204280 -0.0077691 -0.0080337 -0.0134369 -0.0189771 -0.0387057 -0.0163444 -0.0627003 -0.0719419 -0.0093656 -0.0201646 -0.0066188 -0.0390430 -0.0178992 -0.1148377 -0.0202347 -0.0472417 -0.0397993 -0.0379991 -0.0101048 -0.0709341 -0.0252023 -0.0925681
0.0271094 0.0282448 0.0331087 0.0302719 0.0332581 0.0321667 0.0323553 0.0332415 0.0333024 0.0295417 0.0314352 0.0290483 0.0341892 0.0289893 0.0323736 0.0313582 -0.0496091 -0.0348294 -0.0247299 -0.0426174 -0.0397553 -0.0314154 -0.0417348 -0.0401922 0.0306186 0.0636315 0.8518355 0.0233202 0.0280334 0.0317087 0.0327797 0.0310631 0.0255035 0.0172597 0.0116012 0.0218728 0.0187063 0.0145653 0.0184640 0.0246890 0.0038434 0.0120865 0.0138284 0.0066406 0.0092744 0.0141877 0.0088898 0.0044496 -0.0454779 -0.0069832 -0.0238290 -0.0179639 -0.0175893 -0.0099510 -0.0107987 -0.0242481 -0.0239114 -0.0122371 0.0052048 -0.0015385 0.0138924 0.0057638 0.0046435 0.0096082 0.0003748 -0.0023444 -0.0117340 0.0021215 -0.0102645 0.0137956 -0.0088102 -0.0338885 -0.0336974 -0.0080071 -0.0089396 -0.0074958 -0.0235899 -0.0392720 -0.0209048 -0.0827168 -0.0890387 -0.0139122 -0.0161520 -0.0105597 -0.0426260 -0.0253759 -0.1199645 -0.0279114 -0.0508759 -0.0466252 -0.0455167 -0.0138144 -0.0830322 -0.0201645 -0.1006142
0.0151110 0.0205798 0.0237091 0.0237865 0.0214215 0.0241375 0.0227079 0.0243400 0.0267090 0.0234588 0.0280088 0.0223803 0.0237828 0.0238374 0.0232739 0.0237516 -0.0337478 -0.0301366 -0.0281315 -0.0367707 -0.0413460 -0.0219524 -0.0366862 -0.0278131 0.0429861 0.0129230 0.0233202 0.8648140 0.0571898 0.0378528 0.0337006 0.0462854 0.0081204 0.0141136 0.0032756 0.0198712 0.0162486 0.0120579 0.0142850 0.0044835 0.0154747 0.0099173 0.0116214 0.0025840 0.0044781 0.0239340 0.0229659 0.0048702 -0.0419566 -0.0122236 -0.0061843 -0.0137264 -0.0081833 0.0080212 -0.0046139 -0.0268881 -0.0166488 -0.0187136 0.0074087 -0.0114621 0.0106250 0.0060561 0.0045225 0.0015996 -0.0047662 -0.0016813 -0.0221910 0.0047494 -0.0123522 0.0118164 -0.0133656 -0.0218019 -0.0141712 -0.0114552 -0.0143417 -0.0080103 -0.0212943 -0.0370320 -0.0213373 -0.0696104 -0.0692384 -0.0150285 -0.0159551 -0.0124071 -0.0441450 -0.0233440 -0.1001752 -0.0236746 -0.0577040 -0.0439698 -0.0430750 -0.0220140 -0.0770328 -0.0228755 -0.0889190
0.0240287 0.0257348 0.0246896 0.0286866 0.0259860 0.0285121 0.0256039 0.0263277 0.0284900 0.0237013 0.0283505 0.0250562 0.0266643 0.0260864 0.0251211 0.0277272 -0.0485280 -0.0292875 -0.0270378 -0.0427859 -0.0456774 -0.0354804 -0.0399988 -0.0357011 0.0569798 0.0313717 0.0280334 0.0571898 0.8593129 0.0490909 0.0429821 0.0591958 0.0162205 0.0159735 0.0063776 0.0205544 0.0136324 0.0180658 0.0171828 0.0120363 0.0085972 -0.0007881 0.0115348 0.0014101 0.0051307 0.0152249 0.0052688 0.0004299 -0.0293472 -0.0105607 -0.0128313 -0.0294971 -0.0074074 0.0029455 -0.0097053 -0.0219526 -0.0190440 -0.0115490 0.0079598 -0.0094807 0.0162220 0.0080607 0.0091795 0.0080829 -0.0061025 0.0023032 -0.0184955 0.0000998 -0.0164501 0.0142619 -0.0133690 -0.0254311 -0.0260657 -0.0089331 -0.0147383 -0.0103993 -0.0199284 -0.0398766 -0.0168366 -0.0703081 -0.0744934 -0.0122958 -0.0216384 -0.0088105 -0.0460511 -0.0328179 -0.1130619 -0.0298596 -0.0492911 -0.0419488 -0.0429352 -0.0198768 -0.0810854 -0.0255896 -0.0951189
0.0220655 0.0282903 0.0297372 0.0274051 0.0291569 0.0292943 0.0302008 0.0268323 0.0322180 0.0275160 0.0279434 0.0287145 0.0278509 0.0261100 0.0283104 0.0297570 -0.0468469 -0.0376016 -0.0352315 -0.0452495 -0.0568908 -0.0390252 -0.0443909 -0.0415472 0.0675726 0.0202776 0.0317087 0.0378528 0.0490909 0.8572486 0.0622822 0.0431136 0.0131035 0.0167920 0.0112609 0.0234839 0.0178469 0.0273995 0.0137732 0.0230512 0.0037000 0.0100618 0.0187006 0.0066737 0.0110346 0.0168880 0.0123296 0.0126162 -0.0424577 -0.0123318 -0.0194576 -0.0177163 -0.0115082 -0.0035790 -0.0021212 -0.0230221 -0.0267975 -0.0181431 0.0027199 -0.0123561 0.0181015 0.0097050 0.0093788 0.0110744 -0.0077072 0.0046020 -0.0136150 0.0128462 -0.0038354 0.0196235 -0.0087152 -0.0330020 -0.0237377 -0.0158827 -0.0198346 0.0022883 -0.0265848 -0.0387287 -0.0229037 -0.0803360 -0.0824302 -0.0099264 -0.0144855 -0.0148907 -0.0435917 -0.0243954 -0.1225911 -0.0254865 -0.0569771 -0.0461070 -0.0453636 -0.0189451 -0.0852799 -0.0228585 -0.1057488
0.0322492 0.0328250 0.0385740 0.0363803 0.0406193 0.0354005 0.0368763 0.0391787 0.0400605 0.0318370 0.0374243 0.0348844 0.0366452 0.0318423 0.0375314 0.0382165 -0.0606979 -0.0422027 -0.0334586 -0.0529088 -0.0525285 -0.0387347 -0.0416796 -0.0470989 0.0673968 0.0316501 0.0327797 0.0337006 0.0429821 0.0622822 0.8430806 0.0407574 0.0236182 0.0208970 0.0130814 0.0338925 0.0236630 0.0251334 0.0264116 0.0248662 0.0080596 0.0094763 0.0232622 0.0078628 0.0154959 0.0276829 0.0116841 0.0109314 -0.0568820 -0.0049563 -0.0191472 -0.0160566 -0.0124536 -0.0036502 -0.0058429 -0.0201402 -0.0320732 -0.0224662 0.0193225 -0.0109977 0.0136084 0.0057826 0.0066429 0.0007984 -0.0033481 0.0029176 -0.0178227 0.0107826 -0.0081999 0.0249806 -0.0133578 -0.0390475 -0.0302594 -0.0079673 -0.0113957 -0.0111514 -0.0266307 -0.0457927 -0.0262222 -0.0900150 -0.0996661 -0.0178581 -0.0229531 -0.0083299 -0.0574044 -0.0330196 -0.1355091 -0.0292996 -0.0626850 -0.0482505 -0.0490213 -0.0193888 -0.1042245 -0.0178471 -0.1215042
0.0232535 0.0256850 0.0210874 0.0244410 0.0259869 0.0230188 0.0252851 0.0261544 0.0284360 0.0239411 0.0251678 0.0233031 0.0249603 0.0231515 0.0219632 0.0294972 -0.0525235 -0.0377152 -0.0322871 -0.0438135 -0.0503521 -0.0342486 -0.0384805 -0.0326925 0.0438046 0.0215415 0.0310631 0.0462854 0.0591958 0.0431136 0.0407574 0.8634362 0.0222068 0.0149315 0.0025332 0.0253861 0.0155666 0.0174567 0.0190554 0.0116462 0.0022893 0.0060558 0.0098660 0.0048250 0.0057367 0.0198065 0.0085354 0.0009423 -0.0406744 -0.0073901 -0.0187708 -0.0144097 -0.0160883 0.0023944 -0.0058227 -0.0171213 -0.0213732 -0.0096929 0.0022456 -0.0044214 0.0142538 0.0142297 0.0138889 -0.0001662 -0.0069290 0.0002657 -0.0060977 0.0012160 -0.0072015 0.0124523 -0.0017233 -0.0250356 -0.0240561 -0.0133457 -0.0177431 0.0023113 -0.0170878 -0.0353898 -0.0246365 -0.0647637 -0.0726735 -0.0130840 -0.0222511 -0.0133231 -0.0412251 -0.0287226 -0.1034129 -0.0297946 -0.0438071 -0.0495432 -0.0504430 -0.0184647 -0.0720378 -0.0137132 -0.0907007
0.0249558 0.0247499 0.0327267 0.0271129 0.0308346 0.0314096 0.0315470 0.0325270 0.0303319 0.0288669 0.0314046 0.0287464 0.0309065 0.0249444 0.0279641 0.0356014 -0.0567029 -0.0370781 -0.0349013 -0.0453891 -0.0551207 -0.0373270 -0.0430216 -0.0495174 0.0260936 0.0230136 0.0255035 0.0081204 0.0162205 0.0131035 0.0236182 0.0222068 0.8380703 0.0171598 0.0188218 0.0372804 0.0193285 0.0297735 0.0308975 0.0315005 0.0082787 0.0149105 0.0212844 0.0081580 0.0147467 0.0152181 0.0055823 0.0128589 -0.0426706 0.0025598 -0.0145570 -0.0233147 -0.0107484 -0.0035841 -0.0073680 -0.0189607 -0.0212478 -0.0174973 0.0185304 -0.0135871 0.0144203 0.0096169 0.0099735 0.0075148 -0.0003002 0.0049698 -0.0088946 0.0100031 -0.0093894 0.0165346 -0.0098850 -0.0294567 -0.0297568 -0.0053455 -0.0111627 -0.0079331 -0.0219198 -0.0378247 -0.0230323 -0.0767105 -0.0774806 -0.0162437 -0.0178289 -0.0101186 -0.0450562 -0.0199360 -0.1254986 -0.0203164 -0.0506196 -0.0385814 -0.0404645 -0.0172847 -0.0909168 -0.0259189 -0.0944987
0.0247791 0.0258779 0.0281414 0.0249668 0.0282807 0.0276029 0.0293691 0.0291471 0.0278348 0.0273428 0.0272878 0.0280962 0.0279215 0.0270813 0.0251103 0.0248082 -0.0258075 -0.0160069 -0.0136918 -0.0213874 -0.0259303 -0.0139392 -0.0201983 -0.0200836 0.0181301 0.0154482 0.0172597 0.0141136 0.0159735 0.0167920 0.0208970 0.0149315 0.0171598 0.9551933 0.0100195 0.0189353 0.0136102 0.0145860 0.0154171 0.0145942 0.0080190 0.0084710 0.0124237 0.0053793 0.0088969 0.0132706 0.0085406 0.0085727 -0.0259760 -0.0014956 -0.0068873 -0.0110446 -0.0055015 -0.0007030 -0.0025141 -0.0110315 -0.0138342 -0.0086883 0.0105701 -0.0043302 0.0123043 0.0084771 0.0088488 0.0031198 0.0000257 0.0047742 -0.0063767 0.0087103 -0.0050093 0.0108098 -0.0065061 -0.0177714 -0.0166701 -0.0021613 -0.0048433 -0.0039294 -0.0111665 -0.0229403 -0.0098760 -0.0513784 -0.0541787 -0.0082393 -0.0109943 -0.0035787 -0.0277879 -0.0157285 -0.0756949 -0.0138755 -0.0326788 -0.0253485 -0.0252045 -0.0088773 -0.0521879 -0.0132954 -0.0644879
0.0116071 0.0143773 0.0147778 0.0157036 0.0122979 0.0107996 0.0152742 0.0148003 0.0129710 0.0120593 0.0144278 0.0142219 0.0102084 0.0128114 0.0158757 0.0181633 -0.0241709 -0.0273221 -0.0257374 -0.0301948 -0.0335289 -0.0217620 -0.0301995 -0.0337313 0.0148545 0.0065965 0.0116012 0.0032756 0.0063776 0.0112609 0.0130814 0.0025332 0.0188218 0.0100195 0.8797949 0.0189548 0.0149767 0.0138073 0.0074064 0.0145193 -0.0018353 -0.0018728 0.0126204 -0.0086981 0.0026353 0.0017906 0.0012520 0.0020983 -0.0233269 -0.0065039 -0.0063387 -0.0167884 -0.0055773 -0.0022573 -0.0065244 -0.0135921 -0.0052635 -0.0014176 0.0052484 -0.0025736 0.0045474 -0.0017505 -0.0019585 0.0015177 -0.0054115 0.0013242 -0.0112453 0.0031138 -0.0078266 0.0117139 -0.0061511 -0.0151866 -0.0224764 -0.0060747 -0.0102799 -0.0046536 -0.0071079 -0.0181063 -0.0047634 -0.0491467 -0.0496230 -0.0064012 -0.0027490 -0.0006850 -0.0206617 -0.0154068 -0.0733089 -0.0171303 -0.0231008 -0.0289392 -0.0293672 -0.0087064 -0.0541609 -0.0082978 -0.0582303
0.0302607 0.0318062 0.0376954 0.0311831 0.0370736 0.0327745 0.0369963 0.0386659 0.0372724 0.0372274 0.0379768 0.0384381 0.0375835 0.0363873 0.0325741 0.0371039 -0.0518877 -0.0390587 -0.0261881 -0.0437541 -0.0511001 -0.0303050 -0.0473600 -0.0401537 0.0286518 0.0266114 0.0218728 0.0198712 0.0205544 0.0234839 0.0338925 0.0253861 0.0372804 0.0189353 0.0189548 0.8507479 0.0281490 0.0249766 0.0298471 0.0264995 0.0089871 0.0099512 0.0220778 0.0048695 0.0109802 0.0182389 0.0126129 0.0048172 -0.0412582 -0.0021626 -0.0145307 -0.0233369 -0.0067248 -0.0028874 -0.0106788 -0.0102469 -0.0275223 -0.0195933 0.0178692 -0.0128683 0.0174322 0.0146000 0.0136910 0.0027565 0.0040710 0.0109436 -0.0134069 0.0068528 -0.0086229 0.0228671 -0.0157582 -0.0289239 -0.0271537 -0.0103492 -0.0100539 -0.0084789 -0.0222505 -0.0382768 -0.0209033 -0.0903715 -0.0916026 -0.0131623 -0.0175043 -0.0111903 -0.0485818 -0.0329775 -0.1297080 -0.0260688 -0.0604809 -0.0482019 -0.0483619 -0.0194222 -0.0956356 -0.0289538 -0.1150732
0.0211549 0.0195766 0.0241998 0.0221194 0.0229537 0.0174687 0.0185811 0.0223224 0.0242409 0.0199056 0.0250456 0.0229998 0.0240454 0.0233515 0.0205493 0.0228420 -0.0325127 -0.0269291 -0.0293779 -0.0241145 -0.0452444 -0.0294386 -0.0388670 -0.0312630 0.0162147 0.0132689 0.0187063 0.0162486 0.0136324 0.0178469 0.0236630 0.0155666 0.0193285 0.0136102 0.0149767 0.0281490 0.8612382 0.0176685 0.0256676 0.0190175 -0.0014629 0.0002086 0.0128528 -0.0018409 0.0108502 0.0090838 0.0001896 0.0025710 -0.0332362 -0.0063322 -0.0119315 -0.0107809 -0.0114702 -0.0003760 -0.0006032 -0.0234336 -0.0218664 -0.0142473 0.0139337 -0.0052129 0.0078668 0.0030266 0.0042477 -0.0012696 0.0051538 0.0016674 -0.0088861 0.0033124 -0.0057692 0.0184336 -0.0101119 -0.0196806 -0.0204876 -0.0051180 -0.0050600 -0.0046722 -0.0141966 -0.0339463 -0.0191260 -0.0786671 -0.0803009 -0.0134131 -0.0202515 -0.0035293 -0.0313296 -0.0254848 -0.0993474 -0.0132373 -0.0358485 -0.0357108 -0.0352483 -0.0136502 -0.0746210 -0.0159453 -0.0852803
0.0218849 0.0252964 0.0224509 0.0266620 0.0260825 0.0220039 0.0242955 0.0247068 0.0262164 0.0247216 0.0249103 0.0233930 0.0260294 0.0227486 0.0267714 0.0265408 -0.0346771 -0.0314922 -0.0301113 -0.0379560 -0.0403766 -0.0248258 -0.0348656 -0.0309271 0.0185049 0.0144527 0.0145653 0.0120579 0.0180658 0.0273995 0.0251334 0.0174567 0.0297735 0.0145860 0.0138073 0.0249766 0.0176685 0.8692220 0.0229137 0.0261836 0.0025675 0.0113261 0.0209794 0.0037310 0.0062519 0.0143950 0.0094086 0.0037946 -0.0358616 -0.0010310 -0.0098448 -0.0115514 -0.0092579 -0.0054365 -0.0007685 -0.0154661 -0.0221101 -0.0117595 0.0107065 -0.0148723 0.0112326 0.0053448 0.0054478 0.0017944 -0.0050077 0.0069111 -0.0079988 0.0036675 -0.0025341 0.0202037 -0.0105672 -0.0306143 -0.0203337 -0.0038665 -0.0093981 -0.0110736 -0.0197715 -0.0229992 -0.0141175 -0.0709835 -0.0838892 -0.0107920 -0.0191578 -0.0015543 -0.0331701 -0.0289831 -0.1016367 -0.0190396 -0.0406602 -0.0287711 -0.0294066 -0.0188158 -0.0771257 -0.0201871 -0.0888764
0.0246506 0.0241440 0.0277676 0.0266973 0.0310128 0.0208547 0.0269424 0.0279486 0.0257819 0.0287452 0.0289245 0.0261658 0.0278856 0.0232700 0.0254565 0.0261712 -0.0444785 -0.0349474 -0.0325034 -0.0389361 -0.0464408 -0.0367899 -0.0451305 -0.0382981 0.0140936 0.0163536 0.0184640 0.0142850 0.0171828 0.0137732 0.0264116 0.0190554 0.0308975 0.0154171 0.0074064 0.0298471 0.0256676 0.0229137 0.8481734 0.0228210 0.0023037 0.0041595 0.0124709 0.0088672 0.0052807 0.0228159 0.0074614 0.0116593 -0.0457976 -0.0001127 -0.0102136 -0.0090201 -0.0114275 -0.0034856 0.0032622 -0.0134155 -0.0169268 -0.0213430 0.0123049 -0.0174576 0.0152396 0.0066655 0.0059918 0.0073983 0.0022599 0.0046030 -0.0143201 0.0096687 -0.0113115 0.0065226 -0.0151206 -0.0298513 -0.0291036 -0.0058526 -0.0080210 -0.0107843 -0.0105355 -0.0378402 -0.0141395 -0.0652110 -0.0731069 -0.0175701 -0.0238255 -0.0017516 -0.0453839 -0.0212659 -0.1159207 -0.0242232 -0.0527752 -0.0322581 -0.0332696 -0.0122471 -0.0823384 -0.0281683 -0.0871448
