0.1475158 0.0042402 0.0279130 0.8203310
0.1815272 0.0001022 0.0231771 0.7951936
0.1157775 0.0001020 0.0278857 0.8562347
0.1985787 0.0001022 0.0500121 0.7513070
0.0971006 0.0001020 0.0237734 0.8790241
0.1326616 0.0001020 0.0001020 0.8671343
0.0863951 0.0001019 0.0202601 0.8932429
0.0992267 0.0001019 0.0070519 0.8936195
0.0978424 0.0001020 0.0001020 0.9019536
0.0987246 0.0001021 0.0123153 0.8888581
0.0649150 0.0001021 0.0221717 0.9128113
0.0798046 0.0001020 0.0028908 0.9172025
0.1060424 0.0001020 0.0040233 0.8898323
0.0952094 0.0001021 0.0164688 0.8882197
0.2176166 0.0001023 0.0341704 0.7481107
0.2245134 0.0001022 0.0127230 0.7626613
0.0001015 0.5853477 0.0001015 0.4144492
0.0001009 0.4566937 0.0001009 0.5431044
0.0001013 0.4353144 0.0001013 0.5644830
0.0000994 0.4842245 0.0066469 0.5090293
0.0000991 0.5570120 0.0000991 0.4427897
0.0000994 0.4231733 0.0000994 0.5766280
0.0000999 0.5059555 0.0000999 0.4938446
0.0001006 0.5083632 0.0001006 0.4914357
0.6457182 0.0001019 0.0939661 0.2602139
0.6580141 0.0168138 0.0816354 0.2435367
0.6371149 0.0001020 0.0967711 0.2660120
0.7107929 0.0349918 0.0387079 0.2155075
0.7268267 0.0051976 0.0686977 0.1992780
0.7340230 0.0001018 0.1244347 0.1414405
0.6985699 0.0001016 0.1209140 0.1804144
0.7960393 0.0241296 0.0308284 0.1490026
0.6183237 0.0001020 0.1772377 0.2043367
0.4809177 0.0299517 0.2098136 0.2793170
0.5793594 0.0425437 0.1759709 0.2021260
0.6361639 0.0001019 0.1163306 0.2474037
0.6138295 0.0001022 0.1614522 0.2246162
0.5742828 0.0001022 0.2144213 0.2111937
0.5702488 0.0001021 0.1952746 0.2343743
0.5967892 0.0001022 0.1906001 0.2125085
0.5837640 0.1453843 0.0001016 0.2707502
0.7122375 0.1156238 0.0001017 0.1720371
0.5748695 0.0001023 0.2634256 0.1616026
0.4554735 0.0783181 0.2173518 0.2488566
0.4511395 0.0740368 0.1458540 0.3289696
0.7188895 0.0648966 0.0018551 0.2143589
0.6670561 0.1027611 0.0364090 0.1937737
0.4497441 0.0001024 0.5098564 0.0402971
0.2593249 0.4213201 0.2446204 0.0747347
0.4207213 0.1240210 0.2936441 0.1616136
0.4605066 0.2308090 0.1874299 0.1212545
0.4972624 0.3166270 0.0665689 0.1195418
0.4569750 0.1731077 0.2702151 0.0997023
0.5315722 0.1929655 0.0815271 0.1939352
0.5835513 0.1570717 0.1919232 0.0674539
0.3755064 0.2465531 0.2559694 0.1219710
0.5240602 0.3062832 0.1408890 0.0287676
0.5076547 0.2540720 0.1456442 0.0926290
0.8443468 0.0433616 0.0776267 0.0346649
0.6212783 0.2125046 0.0843797 0.0818374
0.9360763 0.0637234 0.0001001 0.0001001
0.9216130 0.0781915 0.0000978 0.0000978
0.9187912 0.0810134 0.0000977 0.0000977
0.4882313 0.0380656 0.3517891 0.1219140
0.4760429 0.0536660 0.3924556 0.0778355
0.5217182 0.0508351 0.2696833 0.1577633
0.4939114 0.1430045 0.3270027 0.0360814
0.4413773 0.0001024 0.5057874 0.0527330
0.5391082 0.1001491 0.3606402 0.0001025
0.6024664 0.0163123 0.1769678 0.2042535
0.5528064 0.1829144 0.2444484 0.0198308
0.5517964 0.3888555 0.0507855 0.0085626
0.4693954 0.3255715 0.1878081 0.0172251
0.4676135 0.1893982 0.1530910 0.1898973
0.5420604 0.2038948 0.1662323 0.0878125
0.6168726 0.2348016 0.0573198 0.0910060
0.5515535 0.3155261 0.0544994 0.0784211
0.2960974 0.3572679 0.3062742 0.0403606
0.4369887 0.2775681 0.1479289 0.1375143
0.1855794 0.6959471 0.1183731 0.0001004
0.1802076 0.7252395 0.0944528 0.0001001
0.7039711 0.2823851 0.0135421 0.0001016
0.4894936 0.2691042 0.1868668 0.0545355
0.6142206 0.2159304 0.0943609 0.0754881
0.3878586 0.4253376 0.1867022 0.0001016
0.5247881 0.3347985 0.1311488 0.0092645
0.0000989 0.9536044 0.0461978 0.0000989
0.4519690 0.2939141 0.2228893 0.0312276
0.2448276 0.4666435 0.2884260 0.0001028
0.0000978 0.0604214 0.9393830 0.0000978
0.0000978 0.0585578 0.9412466 0.0000978
0.3967201 0.1904752 0.3384116 0.0743931
0.1327894 0.7725400 0.0943920 0.0002787
0.4938939 0.2703601 0.2233891 0.0123569
0.0002877 0.8170050 0.1826064 0.0001009
