0.8737876 0.1315878 0.0975578 0.1187870 0.0993663 0.0947758 0.0982436 0.1029570 0.1007475 0.0926901 0.0980011 0.1024092 0.0896536 0.0898871 0.0829739 0.0849796 -0.0063716 0.0114928 0.0144130 0.0031928 0.0009225 0.0254904 0.0062027 0.0108919 0.0168322 0.0121967 0.0149151 0.0015280 0.0069067 -0.0018105 0.0092641 0.0028762 0.0072826 0.0121725 -0.0012553 0.0139847 0.0071998 0.0044916 0.0103268 0.0023519 0.0055340 -0.0027810 -0.0054182 -0.0044141 0.0123428 0.0067617 -0.0003511 -0.0219784 -0.0596150 -0.0217308 -0.0313099 -0.0341351 -0.0357229 -0.0149159 -0.0311972 -0.0348359 -0.0472249 -0.0364644 -0.0165204 -0.0296071 -0.0163739 -0.0307385 -0.0302268 -0.0162048 -0.0336669 -0.0126658 -0.0389651 -0.0216031 -0.0438260 -0.0006694 -0.0382596 -0.0523618 -0.0531654 -0.0172551 -0.0343633 -0.0310547 -0.0352182 -0.0571493 -0.0331915 -0.1061151 -0.1092609 -0.0464036 -0.0443643 -0.0284709 -0.0722578 -0.0553164 -0.1330238 -0.0491865 -0.0743041 -0.0810241 -0.0804350 -0.0393597 -0.0922634 -0.0449288 -0.1263095
0.1315878 0.8616231 0.0906782 0.1231967 0.0963612 0.0933402 0.0970444 0.0996277 0.0986616 0.0930073 0.0985588 0.0988593 0.0919954 0.0894805 0.0794263 0.0872048 -0.0193078 0.0065849 0.0082910 -0.0010462 -0.0096724 0.0158235 0.0004574 -0.0047909 0.0192549 0.0111885 0.0177750 0.0088927 0.0107704 0.0072420 0.0126426 0.0077886 0.0090138 0.0144900 0.0028217 0.0175155 0.0074761 0.0098135 0.0116487 0.0087429 0.0054976 0.0016646 -0.0033005 -0.0032286 0.0098904 0.0101241 -0.0023472 -0.0238094 -0.0612375 -0.0150705 -0.0323862 -0.0364852 -0.0331847 -0.0158177 -0.0302647 -0.0340639 -0.0490456 -0.0359965 -0.0104524 -0.0271964 -0.0132098 -0.0232742 -0.0232065 -0.0152024 -0.0276691 -0.0101200 -0.0351182 -0.0205236 -0.0421074 0.0030982 -0.0404096 -0.0556875 -0.0515848 -0.0196123 -0.0327484 -0.0251998 -0.0359015 -0.0586362 -0.0317694 -0.1140984 -0.1145799 -0.0457759 -0.0448663 -0.0313009 -0.0774593 -0.0528797 -0.1420425 -0.0456173 -0.0773439 -0.0806827 -0.0805462 -0.0374580 -0.1008859 -0.0421407 -0.1322298
0.0975578 0.0906782 0.8648165 0.0886636 0.1430687 0.1364834 0.1575734 0.1431605 0.1071820 0.1004219 0.1021534 0.1025801 0.1003465 0.0971501 0.0910421 0.0899322 -0.0124932 0.0064265 0.0153585 -0.0014236 -0.0050332 0.0200081 0.0040058 0.0004694 0.0163808 0.0105746 0.0208031 0.0098286 0.0071688 0.0053275 0.0150633 0.0003174 0.0143273 0.0149199 0.0013048 0.0209823 0.0097936 0.0045090 0.0131729 0.0113351 0.0091566 -0.0012635 -0.0035423 -0.0047982 0.0132188 0.0113517 -0.0025987 -0.0246933 -0.0649795 -0.0212946 -0.0302698 -0.0406961 -0.0336286 -0.0156500 -0.0337791 -0.0370524 -0.0488065 -0.0391026 -0.0189865 -0.0321718 -0.0164051 -0.0315372 -0.0291394 -0.0203964 -0.0361762 -0.0184902 -0.0411689 -0.0224567 -0.0487520 -0.0022860 -0.0432916 -0.0554735 -0.0572782 -0.0158993 -0.0307479 -0.0314433 -0.0406799 -0.0631910 -0.0332353 -0.1207335 -0.1255456 -0.0476535 -0.0438249 -0.0343166 -0.0824826 -0.0534306 -0.1477111 -0.0580447 -0.0833740 -0.0835491 -0.0834721 -0.0435589 -0.1048448 -0.0529428 -0.1390114
0.1187870 0.1231967 0.0886636 0.8753627 0.0903699 0.0873791 0.0902035 0.0958804 0.0935679 0.0848885 0.0921187 0.0895021 0.0844367 0.0836838 0.0783881 0.0812737 -0.0183839 0.0015656 0.0059605 -0.0082113 -0.0128991 0.0088288 -0.0035242 -0.0024089 0.0200473 0.0120536 0.0206778 0.0129269 0.0150114 0.0080827 0.0178774 0.0080990 0.0126934 0.0152857 0.0052301 0.0182985 0.0110294 0.0129319 0.0152205 0.0090207 0.0092171 0.0026118 0.0066212 -0.0015202 0.0138518 0.0103007 0.0019151 -0.0167968 -0.0586826 -0.0165739 -0.0261543 -0.0365420 -0.0311626 -0.0159016 -0.0237678 -0.0332124 -0.0465740 -0.0336346 -0.0086302 -0.0212417 -0.0114845 -0.0224360 -0.0206615 -0.0118752 -0.0232988 -0.0109763 -0.0378048 -0.0137986 -0.0403172 0.0063378 -0.0377046 -0.0506296 -0.0535322 -0.0145812 -0.0294669 -0.0254746 -0.0357769 -0.0557363 -0.0313577 -0.1129018 -0.1146953 -0.0428857 -0.0370505 -0.0273540 -0.0760155 -0.0530798 -0.1434373 -0.0445358 -0.0782564 -0.0759447 -0.0763946 -0.0346121 -0.1017803 -0.0432251 -0.1312110
0.0993663 0.0963612 0.1430687 0.0903699 0.8872929 0.1537447 0.1581203 0.1554310 0.1114748 0.1019224 0.1069772 0.1067229 0.1043646 0.1027759 0.0867628 0.0926771 -0.0112912 0.0142006 0.0161229 0.0044591 -0.0002665 0.0278168 0.0077405 0.0063137 0.0200197 0.0110805 0.0193030 0.0058125 0.0063533 0.0019146 0.0146803 0.0027643 0.0101332 0.0142125 -0.0025908 0.0186449 0.0066403 0.0061789 0.0142706 0.0069779 0.0132541 -0.0001642 -0.0059046 -0.0027950 0.0121164 0.0072027 -0.0023437 -0.0287874 -0.0629085 -0.0212652 -0.0354392 -0.0361512 -0.0360744 -0.0136453 -0.0347772 -0.0390703 -0.0505985 -0.0403159 -0.0204174 -0.0374444 -0.0195074 -0.0315331 -0.0315312 -0.0217238 -0.0324253 -0.0151871 -0.0436913 -0.0267988 -0.0482518 0.0021908 -0.0444889 -0.0578566 -0.0625673 -0.0152841 -0.0315139 -0.0317287 -0.0401617 -0.0640458 -0.0344677 -0.1240358 -0.1271379 -0.0487064 -0.0471085 -0.0374194 -0.0811398 -0.0548100 -0.1457987 -0.0566838 -0.0839939 -0.0874794 -0.0874538 -0.0429433 -0.1066580 -0.0553885 -0.1362113
0.0947758 0.0933402 0.1364834 0.0873791 0.1537447 0.8745595 0.1490083 0.1486316 0.1095825 0.0987936 0.1041943 0.1040843 0.0995422 0.0973463 0.0860212 0.0928749 -0.0098235 0.0120072 0.0127847 0.0031451 0.0020055 0.0261438 0.0094435 0.0063008 0.0182051 0.0117229 0.0188826 0.0093835 0.0096388 0.0034985 0.0103022 0.0008611 0.0118887 0.0134342 -0.0035159 0.0149630 0.0022773 0.0027580 0.0052531 0.0059359 0.0112682 -0.0002303 -0.0037997 -0.0035128 0.0126100 0.0087184 -0.0011341 -0.0322644 -0.0616969 -0.0237601 -0.0367642 -0.0351787 -0.0356027 -0.0152423 -0.0370295 -0.0348963 -0.0551834 -0.0413108 -0.0210793 -0.0340495 -0.0182234 -0.0339441 -0.0322609 -0.0195911 -0.0339118 -0.0146562 -0.0439609 -0.0293249 -0.0456478 -0.0020364 -0.0460660 -0.0575292 -0.0600417 -0.0155913 -0.0344093 -0.0315353 -0.0378601 -0.0645386 -0.0325912 -0.1180702 -0.1234544 -0.0481592 -0.0445346 -0.0353533 -0.0794511 -0.0518219 -0.1412829 -0.0559814 -0.0788405 -0.0898512 -0.0897027 -0.0417389 -0.1001965 -0.0548034 -0.1291265
0.0982436 0.0970444 0.1575734 0.0902035 0.1581203 0.1490083 0.8667715 0.1609435 0.1108257 0.1057039 0.1094134 0.1104049 0.1035429 0.1028030 0.0871282 0.0944198 -0.0158631 0.0109238 0.0175192 0.0064266 -0.0035806 0.0244046 0.0053299 0.0026247 0.0169886 0.0121771 0.0193935 0.0081289 0.0070465 0.0044505 0.0121615 0.0032709 0.0123584 0.0148639 0.0009976 0.0192829 0.0036745 0.0051927 0.0114307 0.0111646 0.0115042 0.0004540 -0.0055183 -0.0054182 0.0095061 0.0073383 -0.0044555 -0.0298276 -0.0650202 -0.0230427 -0.0352090 -0.0413542 -0.0375925 -0.0164787 -0.0403270 -0.0387247 -0.0503370 -0.0412319 -0.0224256 -0.0390818 -0.0211704 -0.0336560 -0.0338201 -0.0188545 -0.0330104 -0.0141111 -0.0422445 -0.0261326 -0.0522762 -0.0018377 -0.0478268 -0.0604908 -0.0612627 -0.0177659 -0.0329895 -0.0292238 -0.0399991 -0.0644128 -0.0359281 -0.1235220 -0.1280868 -0.0494882 -0.0452088 -0.0383824 -0.0836829 -0.0549516 -0.1519930 -0.0577714 -0.0879755 -0.0877479 -0.0898900 -0.0436446 -0.1090192 -0.0584723 -0.1441016
0.1029570 0.0996277 0.1431605 0.0958804 0.1554310 0.1486316 0.1609435 0.8810063 0.1161205 0.1067930 0.1117192 0.1161648 0.1037904 0.1051581 0.0937131 0.0959960 -0.0111154 0.0115879 0.0195031 0.0061088 -0.0000343 0.0260138 0.0083856 -0.0000915 0.0171116 0.0151683 0.0194226 0.0089194 0.0067415 -0.0004403 0.0129997 0.0030017 0.0120262 0.0147773 -0.0002308 0.0200332 0.0063813 0.0045505 0.0114342 0.0084740 0.0140185 -0.0010103 -0.0046105 -0.0031065 0.0108751 0.0123932 -0.0018994 -0.0276584 -0.0660873 -0.0219818 -0.0386994 -0.0358901 -0.0396840 -0.0156562 -0.0350436 -0.0397445 -0.0537258 -0.0453554 -0.0220465 -0.0348603 -0.0201112 -0.0345864 -0.0336233 -0.0225215 -0.0368295 -0.0135914 -0.0469275 -0.0279438 -0.0493491 0.0025719 -0.0469553 -0.0574493 -0.0613948 -0.0146055 -0.0347538 -0.0316134 -0.0392602 -0.0670852 -0.0373744 -0.1264742 -0.1297481 -0.0517853 -0.0465088 -0.0362581 -0.0818634 -0.0566818 -0.1521551 -0.0533951 -0.0856221 -0.0909723 -0.0918808 -0.0448003 -0.1095016 -0.0551989 -0.1387295
0.1007475 0.0986616 0.1071820 0.0935679 0.1114748 0.1095825 0.1108257 0.1161205 0.9132776 0.1426443 0.1561621 0.1456216 0.1446629 0.1400426 0.0977278 0.1035804 -0.0027167 0.0213956 0.0245547 0.0160879 0.0077327 0.0310978 0.0178771 0.0150267 0.0185185 0.0108215 0.0170861 0.0085770 0.0057122 0.0009515 0.0101267 0.0015514 0.0063893 0.0125754 -0.0041631 0.0163370 0.0055185 0.0034685 0.0063475 0.0032681 0.0116352 -0.0044411 -0.0082845 -0.0005843 0.0151340 0.0088884 -0.0003762 -0.0298130 -0.0609823 -0.0226813 -0.0325793 -0.0411286 -0.0403331 -0.0172513 -0.0316072 -0.0391627 -0.0550430 -0.0381577 -0.0252049 -0.0341397 -0.0225481 -0.0364862 -0.0355936 -0.0229765 -0.0361944 -0.0132015 -0.0450987 -0.0274059 -0.0501115 0.0006670 -0.0478324 -0.0581845 -0.0554847 -0.0182969 -0.0351880 -0.0349308 -0.0474340 -0.0641690 -0.0337191 -0.1210365 -0.1226896 -0.0508597 -0.0507957 -0.0350562 -0.0854795 -0.0580030 -0.1389547 -0.0540232 -0.0846345 -0.0972519 -0.0952959 -0.0446399 -0.1052994 -0.0545309 -0.1363637
0.0926901 0.0930073 0.1004219 0.0848885 0.1019224 0.0987936 0.1057039 0.1067930 0.1426443 0.8841844 0.1439642 0.1460498 0.1538016 0.1406324 0.0909707 0.0971307 -0.0110987 0.0163603 0.0160364 0.0102884 -0.0001053 0.0266252 0.0102011 0.0079532 0.0146138 0.0125523 0.0155248 0.0076645 0.0039098 -0.0001463 0.0055764 0.0001805 0.0080425 0.0126902 -0.0031385 0.0183826 0.0035099 0.0042727 0.0121423 0.0059661 0.0059784 -0.0046949 -0.0064509 -0.0008939 0.0131864 0.0069862 -0.0036721 -0.0265176 -0.0646831 -0.0207153 -0.0337881 -0.0364908 -0.0393871 -0.0138340 -0.0351026 -0.0357226 -0.0503608 -0.0391477 -0.0237404 -0.0321201 -0.0215623 -0.0340730 -0.0338594 -0.0242606 -0.0339475 -0.0144818 -0.0452646 -0.0255348 -0.0495059 -0.0031796 -0.0475544 -0.0566563 -0.0561001 -0.0202174 -0.0361323 -0.0297572 -0.0412342 -0.0640910 -0.0350328 -0.1167986 -0.1189156 -0.0498648 -0.0459922 -0.0329174 -0.0841684 -0.0541399 -0.1393389 -0.0544883 -0.0812901 -0.0911144 -0.0920522 -0.0422832 -0.1020369 -0.0541293 -0.1336216
0.0980011 0.0985588 0.1021534 0.0921187 0.1069772 0.1041943 0.1094134 0.1117192 0.1561621 0.1439642 0.9147476 0.1608654 0.1470901 0.1453969 0.0991049 0.1012720 -0.0020181 0.0207545 0.0277367 0.0157958 0.0110063 0.0335130 0.0205804 0.0130937 0.0152895 0.0080436 0.0147315 0.0092091 0.0050865 -0.0036744 0.0070894 -0.0021740 0.0065487 0.0113765 -0.0032245 0.0162864 0.0058040 0.0014697 0.0091878 0.0030541 0.0115744 -0.0053408 -0.0090326 -0.0024190 0.0126188 0.0084463 -0.0049626 -0.0324121 -0.0613460 -0.0243301 -0.0322348 -0.0380243 -0.0400887 -0.0161029 -0.0340190 -0.0398613 -0.0560979 -0.0366400 -0.0239502 -0.0329110 -0.0268311 -0.0411175 -0.0417402 -0.0234076 -0.0388459 -0.0169071 -0.0450214 -0.0303508 -0.0536235 -0.0045407 -0.0476661 -0.0580258 -0.0578748 -0.0198989 -0.0353381 -0.0349766 -0.0444073 -0.0640024 -0.0370690 -0.1164571 -0.1183798 -0.0526756 -0.0456884 -0.0357972 -0.0848030 -0.0578920 -0.1342192 -0.0547720 -0.0866457 -0.0928766 -0.0924990 -0.0416767 -0.1030076 -0.0537018 -0.1341462
0.1024092 0.0988593 0.1025801 0.0895021 0.1067229 0.1040843 0.1104049 0.1161648 0.1456216 0.1460498 0.1608654 0.8975917 0.1481970 0.1429090 0.0934038 0.1023641 -0.0077152 0.0205606 0.0221363 0.0111847 0.0033535 0.0309557 0.0184032 0.0109314 0.0131137 0.0073648 0.0135401 0.0052830 0.0036339 -0.0007823 0.0064628 -0.0020348 0.0060567 0.0121788 -0.0022703 0.0180990 0.0051852 0.0014106 0.0077897 0.0000177 0.0109447 -0.0061613 -0.0031937 -0.0039598 0.0163578 0.0054491 -0.0020893 -0.0318900 -0.0677194 -0.0241468 -0.0318838 -0.0379679 -0.0375929 -0.0127248 -0.0358956 -0.0403999 -0.0551395 -0.0342678 -0.0226957 -0.0382467 -0.0248346 -0.0376662 -0.0379877 -0.0265396 -0.0363150 -0.0170148 -0.0427812 -0.0298254 -0.0499204 -0.0012607 -0.0454530 -0.0589173 -0.0587390 -0.0248063 -0.0396334 -0.0326841 -0.0454555 -0.0665953 -0.0323839 -0.1172767 -0.1191100 -0.0518307 -0.0483678 -0.0383544 -0.0873280 -0.0579586 -0.1364059 -0.0539103 -0.0854043 -0.0951800 -0.0940607 -0.0459511 -0.1012675 -0.0530171 -0.1375197
0.0896536 0.0919954 0.1003465 0.0844367 0.1043646 0.0995422 0.1035429 0.1037904 0.1446629 0.1538016 0.1470901 0.1481970 0.8863593 0.1482042 0.0941115 0.0985152 -0.0141971 0.0152007 0.0181278 0.0059876 -0.0025789 0.0275200 0.0110502 0.0057404 0.0165850 0.0089864 0.0203000 0.0083388 0.0073193 0.0008912 0.0106130 0.0018486 0.0101835 0.0133089 -0.0048653 0.0192360 0.0079873 0.0059214 0.0113299 0.0033154 0.0067472 -0.0057102 -0.0079651 0.0024049 0.0120881 0.0060812 0.0002706 -0.0296553 -0.0642431 -0.0212244 -0.0359552 -0.0327387 -0.0346500 -0.0193265 -0.0322837 -0.0390058 -0.0531204 -0.0384124 -0.0186366 -0.0342405 -0.0198137 -0.0357709 -0.0338559 -0.0280520 -0.0329009 -0.0128600 -0.0447617 -0.0275446 -0.0489329 -0.0005241 -0.0459773 -0.0558727 -0.0594138 -0.0186002 -0.0353252 -0.0310069 -0.0426965 -0.0642273 -0.0321759 -0.1221741 -0.1210880 -0.0516672 -0.0485313 -0.0365834 -0.0865650 -0.0575465 -0.1419760 -0.0555099 -0.0849770 -0.0922442 -0.0926940 -0.0437181 -0.1056221 -0.0542513 -0.1365781
0.0898871 0.0894805 0.0971501 0.0836838 0.1027759 0.0973463 0.1028030 0.1051581 0.1400426 0.1406324 0.1453969 0.1429090 0.1482042 0.8869001 0.0928946 0.0895748 -0.0055706 0.0190993 0.0236574 0.0073562 0.0005987 0.0294278 0.0125358 0.0109360 0.0166747 0.0064234 0.0147287 0.0081120 0.0060432 -0.0014727 0.0053620 -0.0005122 0.0041612 0.0122756 -0.0025416 0.0174718 0.0070444 0.0025958 0.0064792 0.0074965 0.0099144 -0.0048599 -0.0048582 -0.0004148 0.0116006 0.0095433 -0.0016670 -0.0266353 -0.0625888 -0.0228229 -0.0336903 -0.0399287 -0.0384810 -0.0195577 -0.0325893 -0.0352808 -0.0551342 -0.0386542 -0.0215239 -0.0326009 -0.0216892 -0.0374247 -0.0366861 -0.0211957 -0.0359702 -0.0133564 -0.0430245 -0.0251028 -0.0469406 -0.0034476 -0.0457177 -0.0579394 -0.0564812 -0.0177720 -0.0349219 -0.0292219 -0.0401460 -0.0619072 -0.0338725 -0.1185735 -0.1158533 -0.0526885 -0.0447207 -0.0341589 -0.0863499 -0.0533788 -0.1379656 -0.0524348 -0.0861927 -0.0907537 -0.0902236 -0.0398622 -0.1035908 -0.0454926 -0.1338192
0.0829739 0.0794263 0.0910421 0.0783881 0.0867628 0.0860212 0.0871282 0.0937131 0.0977278 0.0909707 0.0991049 0.0934038 0.0941115 0.0928946 0.8695974 0.0857518 -0.0160431 0.0047716 0.0091936 -0.0080558 -0.0126381 0.0175282 -0.0016602 -0.0047012 0.0179707 0.0136243 0.0226223 0.0125958 0.0111688 0.0088405 0.0188169 0.0056216 0.0134068 0.0151126 0.0054064 0.0195212 0.0095365 0.0128020 0.0137785 0.0134425 0.0044780 0.0019094 -0.0004533 0.0022501 0.0136122 0.0140456 -0.0022902 -0.0150262 -0.0577688 -0.0153345 -0.0260968 -0.0341969 -0.0294433 -0.0115733 -0.0237403 -0.0312584 -0.0438471 -0.0289515 -0.0090083 -0.0252562 -0.0115293 -0.0231059 -0.0235884 -0.0193104 -0.0274777 -0.0153095 -0.0339800 -0.0143978 -0.0421257 0.0030339 -0.0349122 -0.0488590 -0.0493183 -0.0196563 -0.0296893 -0.0284383 -0.0407561 -0.0557257 -0.0327310 -0.1083968 -0.1135320 -0.0379868 -0.0330859 -0.0272657 -0.0725728 -0.0477940 -0.1382947 -0.0469099 -0.0758111 -0.0777683 -0.0764709 -0.0373052 -0.0968431 -0.0461673 -0.1275407
0.0849796 0.0872048 0.0899322 0.0812737 0.0926771 0.0928749 0.0944198 0.0959960 0.1035804 0.0971307 0.1012720 0.1023641 0.0985152 0.0895748 0.0857518 0.8797435 -0.0208735 0.0022151 0.0067345 -0.0001457 -0.0086490 0.0192375 0.0001639 -0.0012976 0.0190240 0.0185928 0.0204716 0.0118754 0.0126473 0.0084928 0.0179612 0.0117402 0.0196049 0.0143235 0.0067393 0.0227622 0.0105538 0.0114486 0.0132781 0.0075187 0.0098301 0.0021391 0.0050918 -0.0012362 0.0118760 0.0137225 0.0035105 -0.0211053 -0.0580380 -0.0185445 -0.0263110 -0.0360476 -0.0323277 -0.0137428 -0.0301670 -0.0343029 -0.0473465 -0.0295712 -0.0141343 -0.0252471 -0.0120586 -0.0250243 -0.0243101 -0.0179648 -0.0251059 -0.0104578 -0.0354367 -0.0192112 -0.0445213 0.0021806 -0.0358935 -0.0522352 -0.0518574 -0.0131103 -0.0305569 -0.0239914 -0.0367030 -0.0604038 -0.0300153 -0.1095018 -0.1129316 -0.0405608 -0.0407933 -0.0296029 -0.0740210 -0.0520477 -0.1398976 -0.0471998 -0.0738644 -0.0824378 -0.0807194 -0.0357151 -0.0793822 -0.0513626 -0.1322362
-0.0063716 -0.0193078 -0.0124932 -0.0183839 -0.0112912 -0.0098235 -0.0158631 -0.0111154 -0.0027167 -0.0110987 -0.0020181 -0.0077152 -0.0141971 -0.0055706 -0.0160431 -0.0208735 1.1487880 0.1141540 0.1135243 0.1547574 0.1657774 0.1164082 0.1385930 0.1527695 -0.0706314 -0.0665217 -0.0704172 -0.0573004 -0.0758581 -0.0826674 -0.0926527 -0.0847679 -0.0851562 -0.0468044 -0.0466421 -0.0770622 -0.0574332 -0.0646089 -0.0690545 -0.0678182 -0.0190030 -0.0408481 -0.0709673 -0.0386184 -0.0377941 -0.0567488 -0.0388823 -0.0842809 0.0615167 -0.0308898 -0.0059349 0.0176407 -0.0308894 -0.0104776 -0.0181929 0.0043616 0.0141680 -0.0047715 -0.0822304 -0.0208767 -0.0833788 -0.0928226 -0.0920413 -0.0492035 -0.0443204 -0.0448721 -0.0331767 -0.0807569 -0.0387221 -0.0594929 -0.0276089 0.0211419 0.0166406 -0.0098703 -0.0170124 -0.0242890 0.0023678 0.0240394 0.0104094 0.1108020 0.1188143 -0.0169807 0.0050777 -0.0209030 0.0458994 0.0039718 0.2035535 0.0086470 0.0665913 -0.0091287 -0.0086501 -0.0256662 0.1360392 0.0068907 0.1620324
0.0114928 0.0065849 0.0064265 0.0015656 0.0142006 0.0120072 0.0109238 0.0115879 0.0213956 0.0163603 0.0207545 0.0205606 0.0152007 0.0190993 0.0047716 0.0022151 0.1141540 1.0716537 0.1110115 0.1279906 0.1319159 0.1159167 0.1245527 0.1172656 -0.0518102 -0.0566401 -0.0546412 -0.0522241 -0.0558365 -0.0719818 -0.0737933 -0.0691459 -0.0644828 -0.0371416 -0.0490761 -0.0630827 -0.0506404 -0.0597715 -0.0578005 -0.0602944 -0.0169248 -0.0479946 -0.0554454 -0.0297796 -0.0212012 -0.0511120 -0.0419909 -0.0734395 0.0273787 -0.0306826 -0.0092544 -0.0125436 -0.0290215 -0.0076969 -0.0400359 -0.0073254 -0.0031736 -0.0060461 -0.0688297 -0.0236709 -0.0796740 -0.0874266 -0.0869079 -0.0445217 -0.0400142 -0.0444340 -0.0341078 -0.0692348 -0.0502221 -0.0496545 -0.0336930 0.0056496 0.0001841 -0.0149021 -0.0230999 -0.0099007 -0.0096336 0.0181128 0.0028493 0.0637885 0.0680329 -0.0229786 -0.0022892 -0.0253226 0.0189677 0.0057554 0.1399307 -0.0123031 0.0310925 -0.0160829 -0.0149193 -0.0162246 0.0986983 -0.0168632 0.1143734
0.0144130 0.0082910 0.0153585 0.0059605 0.0161229 0.0127847 0.0175192 0.0195031 0.0245547 0.0160364 0.0277367 0.0221363 0.0181278 0.0236574 0.0091936 0.0067345 0.1135243 0.1110115 1.0658493 0.1257368 0.1380042 0.1109593 0.1189630 0.1144301 -0.0511597 -0.0460355 -0.0448450 -0.0504961 -0.0536760 -0.0701737 -0.0656555 -0.0637284 -0.0622518 -0.0347974 -0.0472466 -0.0507039 -0.0523563 -0.0585776 -0.0555457 -0.0528849 -0.0221987 -0.0422673 -0.0576343 -0.0296773 -0.0113593 -0.0449907 -0.0409226 -0.0682705 0.0329922 -0.0244763 -0.0096622 -0.0096768 -0.0213302 -0.0127086 -0.0327931 0.0015199 -0.0148295 -0.0143251 -0.0676457 -0.0186534 -0.0788383 -0.0797634 -0.0806045 -0.0407983 -0.0439982 -0.0454361 -0.0351065 -0.0640462 -0.0572062 -0.0479405 -0.0389767 -0.0076924 -0.0079235 -0.0136665 -0.0246031 -0.0189563 -0.0086788 0.0052223 -0.0045286 0.0609147 0.0733451 -0.0294182 -0.0022112 -0.0341266 0.0116529 -0.0029806 0.1243833 -0.0100621 0.0101470 -0.0183268 -0.0197287 -0.0192933 0.0884532 -0.0174316 0.0926632
0.0031928 -0.0010462 -0.0014236 -0.0082113 0.0044591 0.0031451 0.0064266 0.0061088 0.0160879 0.0102884 0.0157958 0.0111847 0.0059876 0.0073562 -0.0080558 -0.0001457 0.1547574 0.1279906 0.1257368 1.1385946 0.1508442 0.1412894 0.1647548 0.1373318 -0.0630765 -0.0603305 -0.0649442 -0.0615690 -0.0723310 -0.0838762 -0.0880818 -0.0785290 -0.0759644 -0.0452389 -0.0544044 -0.0708742 -0.0507842 -0.0695915 -0.0646705 -0.0679406 -0.0337479 -0.0540901 -0.0720873 -0.0367372 -0.0295614 -0.0658458 -0.0558252 -0.0746495 0.0467540 -0.0225799 -0.0020892 0.0095144 -0.0136624 -0.0143621 -0.0363998 -0.0152816 -0.0051630 -0.0025069 -0.0788353 -0.0145869 -0.0871720 -0.0935660 -0.0925079 -0.0547693 -0.0436912 -0.0516516 -0.0348649 -0.0714600 -0.0583276 -0.0534113 -0.0398587 0.0021218 0.0029674 0.0002498 -0.0161843 -0.0297049 -0.0072861 0.0167283 -0.0040738 0.0889882 0.0748912 -0.0306043 -0.0228088 -0.0171964 0.0124794 -0.0020310 0.1802050 0.0021860 0.0507839 -0.0037391 -0.0033029 -0.0145519 0.1243879 -0.0316867 0.1397772
0.0009225 -0.0096724 -0.0050332 -0.0128991 -0.0002665 0.0020055 -0.0035806 -0.0000343 0.0077327 -0.0001053 0.0110063 0.0033535 -0.0025789 0.0005987 -0.0126381 -0.0086490 0.1657774 0.1319159 0.1380042 0.1508442 1.1911269 0.1458472 0.1607746 0.1579110 -0.0721783 -0.0642637 -0.0636124 -0.0685555 -0.0777081 -0.0988238 -0.0905460 -0.0874548 -0.0877364 -0.0504331 -0.0592222 -0.0801403 -0.0739013 -0.0739977 -0.0746110 -0.0709766 -0.0236164 -0.0544694 -0.0784700 -0.0408467 -0.0313518 -0.0659173 -0.0508992 -0.0968827 0.0629356 -0.0254205 -0.0098118 0.0211133 -0.0155247 -0.0230388 -0.0437354 -0.0008865 0.0017900 -0.0155725 -0.0927950 -0.0286608 -0.0976421 -0.0970468 -0.0967908 -0.0478913 -0.0496385 -0.0574716 -0.0358641 -0.0954829 -0.0517237 -0.0609099 -0.0288374 0.0169056 0.0095454 -0.0105055 -0.0187179 -0.0356321 0.0016304 0.0414007 -0.0012323 0.1069227 0.1146640 -0.0281738 -0.0065710 -0.0155010 0.0303373 -0.0036801 0.2131631 0.0069673 0.0668544 -0.0055972 -0.0066980 -0.0103050 0.1492086 0.0053191 0.1624004
0.0254904 0.0158235 0.0200081 0.0088288 0.0278168 0.0261438 0.0244046 0.0260138 0.0310978 0.0266252 0.0335130 0.0309557 0.0275200 0.0294278 0.0175282 0.0192375 0.1164082 0.1159167 0.1109593 0.1412894 0.1458472 1.0908135 0.1388851 0.1379187 -0.0592561 -0.0466730 -0.0540535 -0.0477913 -0.0654686 -0.0786124 -0.0752384 -0.0699900 -0.0681868 -0.0380220 -0.0461550 -0.0585749 -0.0560405 -0.0574554 -0.0628641 -0.0570764 -0.0269922 -0.0531492 -0.0624340 -0.0323497 -0.0251794 -0.0569184 -0.0477038 -0.0773609 0.0343538 -0.0327433 -0.0072763 0.0032829 -0.0132368 -0.0192328 -0.0460688 -0.0139005 -0.0183439 -0.0070083 -0.0661483 -0.0188034 -0.0886874 -0.0844204 -0.0842384 -0.0520076 -0.0591085 -0.0506253 -0.0441042 -0.0747108 -0.0580257 -0.0488109 -0.0459266 -0.0068682 -0.0096422 -0.0145117 -0.0263754 -0.0278935 -0.0098832 0.0214908 0.0149147 0.0617795 0.0562303 -0.0376011 -0.0215464 -0.0195052 0.0032392 -0.0058776 0.1296036 -0.0105443 0.0219740 -0.0190941 -0.0185873 -0.0222405 0.0932083 -0.0247384 0.0999709
0.0062027 0.0004574 0.0040058 -0.0035242 0.0077405 0.0094435 0.0053299 0.0083856 0.0178771 0.0102011 0.0205804 0.0184032 0.0110502 0.0125358 -0.0016602 0.0001639 0.1385930 0.1245527 0.1189630 0.1647548 0.1607746 0.1388851 1.1293533 0.1449358 -0.0656267 -0.0638084 -0.0649489 -0.0626360 -0.0711466 -0.0844778 -0.0791846 -0.0753410 -0.0752152 -0.0438800 -0.0549882 -0.0759513 -0.0661586 -0.0679453 -0.0724854 -0.0671767 -0.0215326 -0.0495825 -0.0686618 -0.0336364 -0.0319796 -0.0579433 -0.0509687 -0.0826673 0.0386302 -0.0235163 -0.0007359 0.0090388 -0.0197696 -0.0142439 -0.0395733 -0.0036569 -0.0127355 0.0103188 -0.0723140 -0.0198263 -0.0926693 -0.0909607 -0.0913811 -0.0578010 -0.0533190 -0.0467180 -0.0398648 -0.0799578 -0.0535216 -0.0544237 -0.0417695 0.0064365 -0.0055216 -0.0032285 -0.0266594 -0.0308597 -0.0020557 0.0177089 0.0066883 0.0951793 0.0869633 -0.0273654 -0.0120292 -0.0150237 0.0260192 0.0006374 0.1723552 0.0099817 0.0534833 -0.0132109 -0.0125628 -0.0196099 0.1212206 -0.0163067 0.1440355
0.0108919 -0.0047909 0.0004694 -0.0024089 0.0063137 0.0063008 0.0026247 -0.0000915 0.0150267 0.0079532 0.0130937 0.0109314 0.0057404 0.0109360 -0.0047012 -0.0012976 0.1527695 0.1172656 0.1144301 0.1373318 0.1579110 0.1379187 0.1449358 1.1175270 -0.0601281 -0.0487888 -0.0615429 -0.0521319 -0.0645692 -0.0792086 -0.0810447 -0.0670271 -0.0790370 -0.0424935 -0.0570773 -0.0662955 -0.0571546 -0.0617933 -0.0634691 -0.0653480 -0.0192391 -0.0493893 -0.0665321 -0.0328770 -0.0227618 -0.0544754 -0.0411361 -0.0864853 0.0347739 -0.0278209 -0.0014104 0.0156645 -0.0266062 -0.0126473 -0.0257233 -0.0071525 -0.0032157 -0.0069261 -0.0762022 -0.0318769 -0.0819065 -0.0864433 -0.0868332 -0.0561825 -0.0494300 -0.0531852 -0.0373425 -0.0828127 -0.0460178 -0.0465627 -0.0313085 0.0111550 0.0066082 -0.0153172 -0.0252392 -0.0212660 -0.0020989 0.0247621 -0.0056087 0.0836075 0.0754969 -0.0302026 -0.0120520 -0.0260579 0.0305998 -0.0066514 0.1676418 -0.0070997 0.0326169 -0.0031031 -0.0045569 -0.0227966 0.1118462 -0.0099844 0.1275766
0.0168322 0.0192549 0.0163808 0.0200473 0.0200197 0.0182051 0.0169886 0.0171116 0.0185185 0.0146138 0.0152895 0.0131137 0.0165850 0.0166747 0.0179707 0.0190240 -0.0706314 -0.0518102 -0.0511597 -0.0630765 -0.0721783 -0.0592561 -0.0656267 -0.0601281 0.8430411 0.0294785 0.0366294 0.0498009 0.0647358 0.0776904 0.0759735 0.0531033 0.0343277 0.0244750 0.0215067 0.0355576 0.0235205 0.0271586 0.0211566 0.0298936 0.0051391 0.0146414 0.0247334 0.0091486 0.0143973 0.0274785 0.0121142 0.0188792 -0.0465606 -0.0071021 -0.0178347 -0.0218191 -0.0157509 -0.0049794 -0.0080409 -0.0147835 -0.0191359 -0.0186990 0.0190995 -0.0067317 0.0199007 0.0149078 0.0168992 0.0111727 0.0041556 0.0138060 -0.0041180 0.0162845 0.0055631 0.0242479 -0.0061141 -0.0287999 -0.0306571 -0.0092085 -0.0107761 -0.0032093 -0.0227357 -0.0368932 -0.0244971 -0.0807217 -0.0948722 -0.0085498 -0.0103653 -0.0037465 -0.0483253 -0.0264437 -0.1354351 -0.0198183 -0.0563106 -0.0360802 -0.0371558 -0.0095327 -0.0996561 -0.0164314 -0.1167475
0.0121967 0.0111885 0.0105746 0.0120536 0.0110805 0.0117229 0.0121771 0.0151683 0.0108215 0.0125523 0.0080436 0.0073648 0.0089864 0.0064234 0.0136243 0.0185928 -0.0665217 -0.0566401 -0.0460355 -0.0603305 -0.0642637 -0.0466730 -0.0638084 -0.0487888 0.0294785 0.8535323 0.0695866 0.0199533 0.0395702 0.0307498 0.0409823 0.0314131 0.0314782 0.0217904 0.0134043 0.0338834 0.0207480 0.0235025 0.0236135 0.0291559 0.0037572 0.0165268 0.0191411 0.0025881 0.0067447 0.0249339 0.0138081 0.0135309 -0.0392929 0.0022383 -0.0084476 -0.0188106 -0.0005700 0.0016911 0.0069955 -0.0176326 -0.0150189 -0.0109683 0.0215367 -0.0013209 0.0339975 0.0254413 0.0259837 0.0075106 0.0064147 0.0101483 -0.0073230 0.0134913 -0.0046630 0.0142242 -0.0078117 -0.0274483 -0.0161678 -0.0052748 -0.0021253 -0.0084466 -0.0161020 -0.0370307 -0.0147150 -0.0658107 -0.0753610 -0.0012262 -0.0154512 -0.0006040 -0.0353889 -0.0138215 -0.1287321 -0.0157413 -0.0469555 -0.0296931 -0.0278626 -0.0042825 -0.0809116 -0.0194006 -0.1010176
0.0149151 0.0177750 0.0208031 0.0206778 0.0193030 0.0188826 0.0193935 0.0194226 0.0170861 0.0155248 0.0147315 0.0135401 0.0203000 0.0147287 0.0226223 0.0204716 -0.0704172 -0.0546412 -0.0448450 -0.0649442 -0.0636124 -0.0540535 -0.0649489 -0.0615429 0.0366294 0.0695866 0.8504431 0.0300805 0.0357326 0.0413897 0.0412587 0.0402349 0.0333583 0.0232291 0.0180952 0.0286078 0.0259390 0.0230710 0.0253723 0.0323125 0.0045868 0.0178647 0.0229771 0.0102350 0.0103277 0.0203998 0.0145514 0.0190094 -0.0467769 -0.0020022 -0.0204652 -0.0168649 -0.0122328 -0.0074334 -0.0033488 -0.0216133 -0.0192481 -0.0083435 0.0173070 0.0036419 0.0273752 0.0217129 0.0208770 0.0177317 0.0098949 0.0050297 -0.0030934 0.0162134 0.0009970 0.0209307 -0.0012630 -0.0306410 -0.0295947 -0.0056993 -0.0033366 -0.0026440 -0.0207630 -0.0374053 -0.0193434 -0.0847991 -0.0917164 -0.0058783 -0.0114829 -0.0049310 -0.0387913 -0.0212339 -0.1323133 -0.0236262 -0.0502257 -0.0367949 -0.0354539 -0.0078871 -0.0918079 -0.0144601 -0.1081661
0.0015280 0.0088927 0.0098286 0.0129269 0.0058125 0.0093835 0.0081289 0.0089194 0.0085770 0.0076645 0.0092091 0.0052830 0.0083388 0.0081120 0.0125958 0.0118754 -0.0573004 -0.0522241 -0.0504961 -0.0615690 -0.0685555 -0.0477913 -0.0626360 -0.0521319 0.0498009 0.0199533 0.0300805 0.8630401 0.0658020 0.0489059 0.0436643 0.0566277 0.0170487 0.0208152 0.0105246 0.0275647 0.0242821 0.0214893 0.0220103 0.0129589 0.0162923 0.0165742 0.0219003 0.0066443 0.0060644 0.0309434 0.0291862 0.0211349 -0.0434412 -0.0068073 -0.0023810 -0.0125630 -0.0024847 0.0107962 0.0034197 -0.0238206 -0.0115915 -0.0144353 0.0210044 -0.0051275 0.0259040 0.0240060 0.0228260 0.0106072 0.0060758 0.0065542 -0.0124961 0.0201992 0.0000424 0.0197387 -0.0047367 -0.0182868 -0.0096874 -0.0089123 -0.0079744 -0.0026626 -0.0181521 -0.0354982 -0.0194634 -0.0724712 -0.0726697 -0.0062386 -0.0108228 -0.0062395 -0.0401113 -0.0187848 -0.1146942 -0.0188796 -0.0573936 -0.0329403 -0.0319164 -0.0157507 -0.0871464 -0.0168201 -0.0977322
0.0069067 0.0107704 0.0071688 0.0150114 0.0063533 0.0096388 0.0070465 0.0067415 0.0057122 0.0039098 0.0050865 0.0036339 0.0073193 0.0060432 0.0111688 0.0126473 -0.0758581 -0.0558365 -0.0536760 -0.0723310 -0.0777081 -0.0654686 -0.0711466 -0.0645692 0.0647358 0.0395702 0.0357326 0.0658020 0.8599283 0.0625559 0.0546992 0.0716524 0.0270153 0.0238688 0.0148540 0.0295567 0.0228352 0.0292702 0.0260544 0.0219441 0.0095287 0.0070490 0.0237612 0.0061236 0.0065710 0.0233093 0.0127479 0.0199264 -0.0303512 -0.0040190 -0.0082547 -0.0276607 -0.0000935 0.0062310 0.0003144 -0.0184152 -0.0125930 -0.0061098 0.0242070 -0.0020935 0.0344185 0.0297761 0.0310340 0.0189594 0.0069304 0.0121554 -0.0065688 0.0186874 -0.0012187 0.0237818 -0.0027632 -0.0210441 -0.0201406 -0.0057082 -0.0070320 -0.0037985 -0.0158010 -0.0372732 -0.0146473 -0.0723780 -0.0772722 -0.0014982 -0.0150808 -0.0010327 -0.0404001 -0.0268854 -0.1285893 -0.0236191 -0.0479131 -0.0284422 -0.0290801 -0.0121144 -0.0920571 -0.0178583 -0.1039873
-0.0018105 0.0072420 0.0053275 0.0080827 0.0019146 0.0034985 0.0044505 -0.0004403 0.0009515 -0.0001463 -0.0036744 -0.0007823 0.0008912 -0.0014727 0.0088405 0.0084928 -0.0826674 -0.0719818 -0.0701737 -0.0838762 -0.0988238 -0.0786124 -0.0844778 -0.0792086 0.0776904 0.0307498 0.0413897 0.0489059 0.0625559 0.8616130 0.0780416 0.0592825 0.0269419 0.0269891 0.0223367 0.0350558 0.0297671 0.0417937 0.0256246 0.0360520 0.0046895 0.0202246 0.0346525 0.0129960 0.0130447 0.0275513 0.0219958 0.0384676 -0.0430290 -0.0035700 -0.0133895 -0.0150119 -0.0020116 0.0007779 0.0107533 -0.0176805 -0.0178947 -0.0105129 0.0239948 -0.0022882 0.0423687 0.0384392 0.0380925 0.0255035 0.0096905 0.0174839 0.0021954 0.0374068 0.0163322 0.0320101 0.0057042 -0.0265725 -0.0156658 -0.0113553 -0.0092380 0.0108955 -0.0210732 -0.0347347 -0.0194491 -0.0815738 -0.0844842 0.0046687 -0.0056828 -0.0046771 -0.0357238 -0.0160217 -0.1407599 -0.0171686 -0.0544277 -0.0274505 -0.0264069 -0.0083175 -0.0984835 -0.0122255 -0.1155322
0.0092641 0.0126426 0.0150633 0.0178774 0.0146803 0.0103022 0.0121615 0.0129997 0.0101267 0.0055764 0.0070894 0.0064628 0.0106130 0.0053620 0.0188169 0.0179612 -0.0926527 -0.0737933 -0.0656555 -0.0880818 -0.0905460 -0.0752384 -0.0791846 -0.0810447 0.0759735 0.0409823 0.0412587 0.0436643 0.0546992 0.0780416 0.8471877 0.0553046 0.0359728 0.0297954 0.0230318 0.0439867 0.0344489 0.0378958 0.0368568 0.0365149 0.0085782 0.0184349 0.0376218 0.0133865 0.0168075 0.0367905 0.0203312 0.0346855 -0.0567622 0.0030689 -0.0130986 -0.0132196 -0.0032946 0.0005469 0.0064060 -0.0151584 -0.0232892 -0.0151741 0.0390954 -0.0012532 0.0355832 0.0321708 0.0331200 0.0140535 0.0126526 0.0147360 -0.0028993 0.0331783 0.0107944 0.0356533 0.0000111 -0.0326231 -0.0224574 -0.0040924 -0.0018785 -0.0028125 -0.0211900 -0.0412254 -0.0228849 -0.0893840 -0.0999925 -0.0040039 -0.0146331 0.0012630 -0.0490760 -0.0246574 -0.1502815 -0.0209621 -0.0593079 -0.0301894 -0.0308045 -0.0092654 -0.1147074 -0.0074591 -0.1285163
0.0028762 0.0077886 0.0003174 0.0080990 0.0027643 0.0008611 0.0032709 0.0030017 0.0015514 0.0001805 -0.0021740 -0.0020348 0.0018486 -0.0005122 0.0056216 0.0117402 -0.0847679 -0.0691459 -0.0637284 -0.0785290 -0.0874548 -0.0699900 -0.0753410 -0.0670271 0.0531033 0.0314131 0.0402349 0.0566277 0.0716524 0.0592825 0.0553046 0.8650414 0.0350787 0.0242339 0.0127230 0.0362988 0.0265710 0.0305947 0.0298809 0.0236442 0.0033667 0.0152226 0.0240129 0.0104682 0.0074800 0.0296683 0.0174074 0.0242791 -0.0419592 0.0001528 -0.0134657 -0.0122072 -0.0074243 0.0062627 0.0057490 -0.0127384 -0.0137953 -0.0036702 0.0216846 0.0043176 0.0361344 0.0396467 0.0396750 0.0128183 0.0084913 0.0120090 0.0076623 0.0235717 0.0108264 0.0237422 0.0102682 -0.0197289 -0.0172828 -0.0095057 -0.0085121 0.0097276 -0.0123426 -0.0325180 -0.0219746 -0.0676958 -0.0761388 -0.0002301 -0.0145218 -0.0041758 -0.0347738 -0.0215767 -0.1223100 -0.0226123 -0.0426310 -0.0334451 -0.0339804 -0.0092338 -0.0855407 -0.0044727 -0.1016499
0.0072826 0.0090138 0.0143273 0.0126934 0.0101332 0.0118887 0.0123584 0.0120262 0.0063893 0.0080425 0.0065487 0.0060567 0.0101835 0.0041612 0.0134068 0.0196049 -0.0851562 -0.0644828 -0.0622518 -0.0759644 -0.0877364 -0.0681868 -0.0752152 -0.0790370 0.0343277 0.0314782 0.0333583 0.0170487 0.0270153 0.0269419 0.0359728 0.0350787 0.8392408 0.0256356 0.0277867 0.0468668 0.0289004 0.0412444 0.0401702 0.0417631 0.0091946 0.0229491 0.0337110 0.0130422 0.0159266 0.0236761 0.0133449 0.0329859 -0.0437364 0.0095147 -0.0096696 -0.0214117 -0.0031343 -0.0001647 0.0028089 -0.0150640 -0.0146113 -0.0115096 0.0351548 -0.0056673 0.0333190 0.0320639 0.0326523 0.0187848 0.0133443 0.0150334 0.0037166 0.0295024 0.0061201 0.0263852 0.0005742 -0.0247696 -0.0236144 -0.0016822 -0.0029556 -0.0011424 -0.0176819 -0.0349102 -0.0204949 -0.0787410 -0.0803618 -0.0047808 -0.0111195 -0.0022928 -0.0394769 -0.0140787 -0.1409206 -0.0138054 -0.0491711 -0.0246286 -0.0261771 -0.0090507 -0.1023068 -0.0176362 -0.1038038
0.0121725 0.0144900 0.0149199 0.0152857 0.0142125 0.0134342 0.0148639 0.0147773 0.0125754 0.0126902 0.0113765 0.0121788 0.0133089 0.0122756 0.0151126 0.0143235 -0.0468044 -0.0371416 -0.0347974 -0.0452389 -0.0504331 -0.0380220 -0.0438800 -0.0424935 0.0244750 0.0217904 0.0232291 0.0208152 0.0238688 0.0269891 0.0297954 0.0242339 0.0256356 0.9499452 0.0165028 0.0257058 0.0208468 0.0226203 0.0227944 0.0224227 0.0090140 0.0144722 0.0217766 0.0092468 0.0102291 0.0194835 0.0143259 0.0235256 -0.0274397 0.0034649 -0.0036154 -0.0098493 0.0003527 0.0018721 0.0049912 -0.0084045 -0.0091648 -0.0051187 0.0236025 0.0013823 0.0264908 0.0249940 0.0251568 0.0117868 0.0098383 0.0123538 0.0021519 0.0232876 0.0063455 0.0180808 0.0017010 -0.0146760 -0.0124529 0.0001432 0.0007114 0.0011798 -0.0081516 -0.0213382 -0.0082012 -0.0541027 -0.0572226 -0.0004584 -0.0063209 0.0022847 -0.0241194 -0.0112798 -0.0897878 -0.0093244 -0.0323380 -0.0150645 -0.0149258 -0.0031860 -0.0615196 -0.0074842 -0.0728402
-0.0012553 0.0028217 0.0013048 0.0052301 -0.0025908 -0.0035159 0.0009976 -0.0002308 -0.0041631 -0.0031385 -0.0032245 -0.0022703 -0.0048653 -0.0025416 0.0054064 0.0067393 -0.0466421 -0.0490761 -0.0472466 -0.0544044 -0.0592222 -0.0461550 -0.0549882 -0.0570773 0.0215067 0.0134043 0.0180952 0.0105246 0.0148540 0.0223367 0.0230318 0.0127230 0.0277867 0.0165028 0.8779504 0.0265871 0.0226554 0.0227607 0.0149105 0.0226796 -0.0009354 0.0043888 0.0224967 -0.0048672 0.0040172 0.0086677 0.0072390 0.0178223 -0.0249314 -0.0013370 -0.0027756 -0.0155329 0.0000381 0.0003102 0.0011551 -0.0108231 -0.0003194 0.0026972 0.0185325 0.0034545 0.0192595 0.0157451 0.0154844 0.0102708 0.0048490 0.0092243 -0.0019742 0.0179996 0.0040111 0.0194956 0.0020027 -0.0120913 -0.0181616 -0.0034977 -0.0042332 0.0005471 -0.0041370 -0.0165270 -0.0031133 -0.0521198 -0.0531052 0.0019399 0.0020853 0.0054379 -0.0169723 -0.0110199 -0.0875623 -0.0124701 -0.0229680 -0.0188221 -0.0190447 -0.0025507 -0.0642451 -0.0023753 -0.0667194
0.0139847 0.0175155 0.0209823 0.0182985 0.0186449 0.0149630 0.0192829 0.0200332 0.0163370 0.0183826 0.0162864 0.0180990 0.0192360 0.0174718 0.0195212 0.0227622 -0.0770622 -0.0630827 -0.0507039 -0.0708742 -0.0801403 -0.0585749 -0.0759513 -0.0662955 0.0355576 0.0338834 0.0286078 0.0275647 0.0295567 0.0350558 0.0439867 0.0362988 0.0468668 0.0257058 0.0265871 0.8513160 0.0365143 0.0349465 0.0380168 0.0355446 0.0096201 0.0168818 0.0330332 0.0092004 0.0121044 0.0254528 0.0192589 0.0227268 -0.0417880 0.0039130 -0.0101996 -0.0213684 -0.0000061 0.0000616 -0.0016492 -0.0068092 -0.0212643 -0.0143985 0.0328232 -0.0058015 0.0337827 0.0341875 0.0333592 0.0128057 0.0161649 0.0199362 -0.0022779 0.0239970 0.0053371 0.0315903 -0.0058777 -0.0246061 -0.0216493 -0.0073808 -0.0027885 -0.0024106 -0.0182965 -0.0353003 -0.0185732 -0.0912968 -0.0931342 -0.0031145 -0.0114359 -0.0040491 -0.0429713 -0.0272430 -0.1427764 -0.0202889 -0.0587434 -0.0352428 -0.0349772 -0.0119972 -0.1049203 -0.0214414 -0.1221036
0.0071998 0.0074761 0.0097936 0.0110294 0.0066403 0.0022773 0.0036745 0.0063813 0.0055185 0.0035099 0.0058040 0.0051852 0.0079873 0.0070444 0.0095365 0.0105538 -0.0574332 -0.0506404 -0.0523563 -0.0507842 -0.0739013 -0.0560405 -0.0661586 -0.0571546 0.0235205 0.0207480 0.0259390 0.0242821 0.0228352 0.0297671 0.0344489 0.0265710 0.0289004 0.0208468 0.0226554 0.0365143 0.8589791 0.0276719 0.0338222 0.0278359 -0.0002777 0.0072136 0.0238327 0.0025232 0.0124626 0.0166558 0.0069249 0.0198372 -0.0352568 -0.0005814 -0.0081319 -0.0096525 -0.0054665 0.0024055 0.0078848 -0.0204947 -0.0167274 -0.0097355 0.0282253 0.0013450 0.0237736 0.0218807 0.0231974 0.0082405 0.0162987 0.0104245 0.0012503 0.0197948 0.0072489 0.0269424 -0.0013998 -0.0164897 -0.0158085 -0.0021431 0.0014396 0.0009637 -0.0110555 -0.0322709 -0.0171715 -0.0818044 -0.0840326 -0.0043360 -0.0150392 0.0029540 -0.0274458 -0.0207053 -0.1156527 -0.0085237 -0.0361523 -0.0247519 -0.0239476 -0.0070329 -0.0860059 -0.0095152 -0.0951156
0.0044916 0.0098135 0.0045090 0.0129319 0.0061789 0.0027580 0.0051927 0.0045505 0.0034685 0.0042727 0.0014697 0.0014106 0.0059214 0.0025958 0.0128020 0.0114486 -0.0646089 -0.0597715 -0.0585776 -0.0695915 -0.0739977 -0.0574554 -0.0679453 -0.0617933 0.0271586 0.0235025 0.0230710 0.0214893 0.0292702 0.0417937 0.0378958 0.0305947 0.0412444 0.0226203 0.0227607 0.0349465 0.0276719 0.8679636 0.0328341 0.0368434 0.0038875 0.0193680 0.0338221 0.0089216 0.0081059 0.0232773 0.0174979 0.0246180 -0.0376494 0.0059152 -0.0049575 -0.0098457 -0.0015612 -0.0018074 0.0096872 -0.0117096 -0.0155737 -0.0060813 0.0282326 -0.0068905 0.0305486 0.0283092 0.0282572 0.0135415 0.0085550 0.0171735 0.0040156 0.0236568 0.0130220 0.0303405 0.0003823 -0.0263287 -0.0146918 -0.0004890 -0.0013524 -0.0042100 -0.0158186 -0.0208405 -0.0120445 -0.0745274 -0.0878309 0.0001980 -0.0126834 0.0063063 -0.0283954 -0.0230984 -0.1199640 -0.0127613 -0.0402425 -0.0149315 -0.0153809 -0.0108827 -0.0901981 -0.0123314 -0.0999025
0.0103268 0.0116487 0.0131729 0.0152205 0.0142706 0.0052531 0.0114307 0.0114342 0.0063475 0.0121423 0.0091878 0.0077897 0.0113299 0.0064792 0.0137785 0.0132781 -0.0690545 -0.0578005 -0.0555457 -0.0646705 -0.0746110 -0.0628641 -0.0724854 -0.0634691 0.0211566 0.0236135 0.0253723 0.0220103 0.0260544 0.0256246 0.0368568 0.0298809 0.0401702 0.0227944 0.0149105 0.0380168 0.0338222 0.0328341 0.8475782 0.0317165 0.0031582 0.0109459 0.0229696 0.0130839 0.0067898 0.0301935 0.0140188 0.0286582 -0.0470793 0.0056899 -0.0061765 -0.0075265 -0.0052261 -0.0007123 0.0116769 -0.0102692 -0.0115702 -0.0165645 0.0265000 -0.0109131 0.0309169 0.0254799 0.0248842 0.0169279 0.0134544 0.0133310 -0.0040346 0.0258408 0.0018268 0.0149790 -0.0063442 -0.0263090 -0.0242203 -0.0030186 -0.0014533 -0.0052759 -0.0073907 -0.0357133 -0.0122792 -0.0678984 -0.0764208 -0.0082717 -0.0183454 0.0047765 -0.0409844 -0.0165113 -0.1302509 -0.0191472 -0.0522013 -0.0210543 -0.0217091 -0.0055730 -0.0926474 -0.0214905 -0.0962659
