0.2044546 0.7937573 0.0017881
0.2317481 0.7681496 0.0001022
0.1774076 0.8224903 0.0001021
0.2766301 0.7232677 0.0001022
0.1544805 0.8454173 0.0001021
0.1584636 0.8414342 0.0001022
0.1426625 0.8572356 0.0001020
0.1399097 0.8599883 0.0001020
0.1275616 0.8723363 0.0001022
0.1426648 0.8572329 0.0001022
0.1190060 0.8808917 0.0001022
0.1153238 0.8845741 0.0001021
0.1420499 0.8578480 0.0001021
0.1424381 0.8574597 0.0001022
0.2760201 0.7238776 0.0001023
0.2579651 0.7419325 0.0001023
0.0001009 0.4472949 0.5526043
0.0001011 0.5431947 0.4567043
0.0001013 0.5681835 0.4317151
0.0000996 0.5083128 0.4915876
0.0000987 0.4610132 0.5388882
0.0000996 0.5757675 0.4241329
0.0000996 0.5111712 0.4887292
0.0001003 0.5070185 0.4928811
0.7324176 0.2674805 0.0001018
0.7322571 0.2544350 0.0133079
0.7271417 0.2727563 0.0001019
0.7472827 0.2402577 0.0124596
0.7834543 0.2164438 0.0001019
0.8463795 0.1535188 0.0001016
0.8145388 0.1853597 0.0001015
0.8183916 0.1815066 0.0001018
0.7962049 0.2036933 0.0001018
0.6615123 0.2654878 0.0729998
0.7264715 0.2002393 0.0732891
0.7500131 0.2498851 0.0001018
0.7596384 0.2262539 0.0141076
0.7795586 0.2079912 0.0124502
0.7661889 0.2321274 0.0016836
0.7748525 0.2110582 0.0140893
0.5635353 0.3222128 0.1142518
0.7042700 0.2166129 0.0791170
0.8131657 0.1536632 0.0331711
0.6367387 0.2367480 0.1265133
0.5781471 0.3224092 0.0994437
0.7248644 0.2492545 0.0258811
0.6981088 0.2182619 0.0836293
0.9581244 0.0078713 0.0340043
0.4351602 0.0774760 0.4873639
0.6546133 0.1461029 0.1992838
0.6055418 0.1242738 0.2701843
0.5353932 0.1476251 0.3169817
0.6699980 0.0917290 0.2382731
0.5933164 0.2100719 0.1966117
0.7304300 0.0757157 0.1938542
0.5700744 0.1181605 0.3117651
0.6240609 0.0473701 0.3285690
0.6133402 0.1078843 0.2787755
0.9103434 0.0606577 0.0289989
0.6830874 0.1045361 0.2123765
0.9508025 0.0424500 0.0067475
0.9783772 0.0001011 0.0215218
0.9768192 0.0001011 0.0230797
0.7726758 0.0992854 0.1280387
0.7923541 0.0507423 0.1569036
0.7378119 0.1475419 0.1146462
0.7435774 0.0302384 0.2261841
0.9449347 0.0208191 0.0342462
0.8086244 0.0001016 0.1912739
0.7508046 0.2030203 0.0461752
0.7372584 0.0251829 0.2375587
0.5698940 0.0479688 0.3821371
0.6026787 0.0314315 0.3658898
0.5879406 0.1941602 0.2178992
0.6695751 0.0969572 0.2334677
0.6544498 0.1189784 0.2265719
0.5829463 0.1069702 0.3100835
0.5217253 0.0374153 0.4408594
0.5478083 0.1466648 0.3055269
0.2621677 0.0001008 0.7377316
0.2378483 0.0001007 0.7620510
0.7182214 0.0189867 0.2627920
0.6248295 0.0671591 0.3080113
0.6803225 0.1004827 0.2191948
0.5256582 0.0001016 0.4742402
0.6127445 0.0329816 0.3542739
0.0001002 0.0001002 0.9997996
0.6161796 0.0387729 0.3450476
0.4514934 0.0001023 0.5484043
0.6070545 0.0000995 0.3928459
0.6077711 0.0000996 0.3921293
0.6605942 0.0591016 0.2803043
0.1644247 0.0363647 0.7992105
0.6547813 0.0234048 0.3218140
0.1169682 0.0001009 0.8829309
