0.8504099 0.1072926 0.0690335 0.0957733 0.0677332 0.0649096 0.0682941 0.0707232 0.0640858 0.0604646 0.0611828 0.0687712 0.0578594 0.0580842 0.0611265 0.0603815 -0.0489624 -0.0288854 -0.0256602 -0.0415207 -0.0480330 -0.0203819 -0.0404304 -0.0328694 0.0299024 0.0248632 0.0271092 0.0151110 0.0240285 0.0220652 0.0322492 0.0232534 0.0249556 0.0247793 0.0116071 0.0302607 0.0211547 0.0218848 0.0246504 0.0176232 0.0069525 0.0088541 0.0131723 0.0027285 0.0145199 0.0197239 0.0108505 0.0078263 -0.0616050 -0.0122215 -0.0243682 -0.0313569 -0.0248682 -0.0100122 -0.0164313 -0.0295353 -0.0372422 -0.0283434 0.0092054 -0.0182364 0.0136485 0.0037662 0.0049873 -0.0000141 -0.0141296 0.0021057 -0.0216172 0.0061923 -0.0209770 0.0131803 -0.0224896 -0.0460642 -0.0446826 -0.0122035 -0.0224893 -0.0209626 -0.0294448 -0.0537595 -0.0299210 -0.1103721 -0.1145553 -0.0302833 -0.0349117 -0.0168092 -0.0644226 -0.0467992 -0.1570843 -0.0402546 -0.0731580 -0.0615199 -0.0610732 -0.0277368 -0.1103763 -0.0335887 -0.1399479
0.1072926 0.8428992 0.0653725 0.1026601 0.0679833 0.0666869 0.0707306 0.0710497 0.0656013 0.0644717 0.0656926 0.0686369 0.0640445 0.0610762 0.0598731 0.0652180 -0.0565308 -0.0290436 -0.0265409 -0.0404495 -0.0536655 -0.0239644 -0.0408188 -0.0433481 0.0303147 0.0221120 0.0282448 0.0205799 0.0257347 0.0282902 0.0328250 0.0256850 0.0247498 0.0258782 0.0143773 0.0318062 0.0195765 0.0252964 0.0241438 0.0222152 0.0066692 0.0118149 0.0132177 0.0029265 0.0119699 0.0215403 0.0071121 0.0024556 -0.0628580 -0.0067887 -0.0258550 -0.0339436 -0.0233252 -0.0115853 -0.0173078 -0.0294327 -0.0401818 -0.0286035 0.0119607 -0.0169487 0.0133932 0.0074869 0.0081168 -0.0010028 -0.0104258 0.0027515 -0.0199527 0.0036139 -0.0220929 0.0152687 -0.0265506 -0.0499583 -0.0440426 -0.0150706 -0.0222431 -0.0162688 -0.0305175 -0.0553630 -0.0289961 -0.1173570 -0.1189075 -0.0313348 -0.0365414 -0.0208575 -0.0703922 -0.0453788 -0.1629580 -0.0378754 -0.0762002 -0.0636305 -0.0633579 -0.0272163 -0.1165636 -0.0320979 -0.1438440
0.0690335 0.0653725 0.8406675 0.0646123 0.1092614 0.1044146 0.1260645 0.1089250 0.0683755 0.0668333 0.0630846 0.0669191 0.0669463 0.0636564 0.0678183 0.0638896 -0.0560360 -0.0355094 -0.0258886 -0.0471831 -0.0560088 -0.0268732 -0.0445465 -0.0446130 0.0295587 0.0233036 0.0331087 0.0237092 0.0246895 0.0297370 0.0385741 0.0210875 0.0327266 0.0281417 0.0147779 0.0376956 0.0241997 0.0224510 0.0277675 0.0273775 0.0105777 0.0107030 0.0158149 0.0021604 0.0154399 0.0247386 0.0087319 0.0059939 -0.0666820 -0.0115554 -0.0227212 -0.0376532 -0.0224800 -0.0104375 -0.0185934 -0.0313588 -0.0380903 -0.0302367 0.0074213 -0.0201179 0.0147805 0.0038991 0.0073412 -0.0036638 -0.0161450 -0.0035064 -0.0231877 0.0063195 -0.0251318 0.0121365 -0.0267781 -0.0485803 -0.0483174 -0.0107953 -0.0183030 -0.0209494 -0.0344879 -0.0595529 -0.0298772 -0.1242244 -0.1301793 -0.0305584 -0.0338710 -0.0221384 -0.0738388 -0.0444490 -0.1714676 -0.0487553 -0.0821260 -0.0634760 -0.0633660 -0.0313742 -0.1227119 -0.0408996 -0.1521872
0.0957733 0.1026601 0.0646123 0.8573728 0.0638892 0.0622278 0.0650921 0.0688497 0.0634237 0.0579874 0.0618908 0.0613487 0.0579898 0.0570259 0.0599138 0.0608381 -0.0522394 -0.0312555 -0.0264888 -0.0443361 -0.0522624 -0.0279450 -0.0412415 -0.0374360 0.0303697 0.0220424 0.0302719 0.0237866 0.0286866 0.0274049 0.0363804 0.0244410 0.0271128 0.0249672 0.0157036 0.0311832 0.0221194 0.0266620 0.0266972 0.0214321 0.0103029 0.0119006 0.0216565 0.0041441 0.0156486 0.0205527 0.0106386 0.0074525 -0.0598389 -0.0086952 -0.0203061 -0.0340259 -0.0220661 -0.0118517 -0.0118143 -0.0287975 -0.0381669 -0.0269314 0.0122129 -0.0115638 0.0132445 0.0057748 0.0081147 0.0013193 -0.0075191 0.0008666 -0.0236272 0.0086615 -0.0221218 0.0174058 -0.0244801 -0.0449955 -0.0463977 -0.0104175 -0.0197562 -0.0169938 -0.0307225 -0.0523716 -0.0284708 -0.1152925 -0.1181418 -0.0294834 -0.0293764 -0.0176488 -0.0691653 -0.0457656 -0.1620174 -0.0370343 -0.0769032 -0.0597011 -0.0602777 -0.0249600 -0.1154804 -0.0337750 -0.1410863
0.0677332 0.0679833 0.1092614 0.0638892 0.8559763 0.1177352 0.1223440 0.1174934 0.0689491 0.0640732 0.0641429 0.0666756 0.0669881 0.0650266 0.0609205 0.0640558 -0.0596466 -0.0331992 -0.0301444 -0.0471288 -0.0568566 -0.0250536 -0.0463241 -0.0439774 0.0347952 0.0256238 0.0332583 0.0214218 0.0259860 0.0291568 0.0406196 0.0259871 0.0308346 0.0282811 0.0122980 0.0370739 0.0229537 0.0260827 0.0310128 0.0248786 0.0148539 0.0134219 0.0157240 0.0051464 0.0149008 0.0221063 0.0103713 0.0059376 -0.0652050 -0.0100308 -0.0270720 -0.0330251 -0.0231628 -0.0077679 -0.0173199 -0.0327884 -0.0389832 -0.0307185 0.0091477 -0.0239698 0.0150031 0.0080113 0.0086115 -0.0031268 -0.0097837 0.0019281 -0.0236197 0.0054788 -0.0221554 0.0184225 -0.0257284 -0.0502776 -0.0526914 -0.0093678 -0.0177163 -0.0199048 -0.0331465 -0.0597496 -0.0308194 -0.1282647 -0.1328505 -0.0297904 -0.0359973 -0.0239863 -0.0718915 -0.0445640 -0.1727934 -0.0461197 -0.0825724 -0.0647401 -0.0649866 -0.0293134 -0.1268662 -0.0417065 -0.1512601
0.0649096 0.0666869 0.1044146 0.0622278 0.1177352 0.8463932 0.1155445 0.1126876 0.0683114 0.0629600 0.0627395 0.0661679 0.0642185 0.0616491 0.0612682 0.0655099 -0.0565877 -0.0327014 -0.0307747 -0.0458462 -0.0523021 -0.0242596 -0.0424918 -0.0417551 0.0325068 0.0255634 0.0321667 0.0241377 0.0285120 0.0292941 0.0354006 0.0230188 0.0314095 0.0276033 0.0107996 0.0327746 0.0174687 0.0220039 0.0208546 0.0229235 0.0128150 0.0126092 0.0169850 0.0041150 0.0152064 0.0231278 0.0109113 0.0005773 -0.0639708 -0.0130903 -0.0287103 -0.0321206 -0.0233149 -0.0099909 -0.0206070 -0.0291642 -0.0439601 -0.0319904 0.0069069 -0.0211162 0.0149528 0.0039603 0.0066543 -0.0016836 -0.0122917 0.0016430 -0.0245883 0.0011472 -0.0205361 0.0133978 -0.0284125 -0.0500607 -0.0509857 -0.0100911 -0.0212927 -0.0202517 -0.0313126 -0.0605742 -0.0290743 -0.1224059 -0.1291043 -0.0298569 -0.0339939 -0.0224437 -0.0705686 -0.0422178 -0.1671809 -0.0458779 -0.0774761 -0.0686016 -0.0685432 -0.0287126 -0.1197018 -0.0423855 -0.1436930
0.0682941 0.0707306 0.1260645 0.0650921 0.1223440 0.1155445 0.8407565 0.1248812 0.0694493 0.0701148 0.0678048 0.0725486 0.0685779 0.0675573 0.0625592 0.0669402 -0.0617649 -0.0329797 -0.0258886 -0.0416814 -0.0574600 -0.0251105 -0.0460238 -0.0452866 0.0309628 0.0255874 0.0323551 0.0227078 0.0256036 0.0302004 0.0368761 0.0252850 0.0315467 0.0293693 0.0152742 0.0369962 0.0185809 0.0242954 0.0269421 0.0279452 0.0128935 0.0130520 0.0148459 0.0020780 0.0118710 0.0216082 0.0073177 0.0026318 -0.0668916 -0.0126017 -0.0273360 -0.0382751 -0.0257221 -0.0112439 -0.0241089 -0.0325976 -0.0391520 -0.0320572 0.0048526 -0.0264233 0.0115749 0.0039605 0.0045798 -0.0013334 -0.0118967 0.0017552 -0.0230215 0.0040404 -0.0273267 0.0135458 -0.0308482 -0.0529725 -0.0519381 -0.0120619 -0.0199462 -0.0182304 -0.0334229 -0.0603356 -0.0323504 -0.1276659 -0.1333200 -0.0315270 -0.0346477 -0.0255626 -0.0748777 -0.0454609 -0.1767436 -0.0478174 -0.0861578 -0.0665437 -0.0686273 -0.0311029 -0.1282054 -0.0457686 -0.1578967
0.0707232 0.0710497 0.1089250 0.0688497 0.1174934 0.1126876 0.1248812 0.8498592 0.0727476 0.0687629 0.0677671 0.0759314 0.0662564 0.0672119 0.0675410 0.0669842 -0.0598050 -0.0352415 -0.0268658 -0.0454365 -0.0569241 -0.0267890 -0.0456258 -0.0503315 0.0319978 0.0294498 0.0332414 0.0243400 0.0263275 0.0268321 0.0391787 0.0261543 0.0325268 0.0291474 0.0148003 0.0386659 0.0223222 0.0247068 0.0279484 0.0262959 0.0154987 0.0122957 0.0170569 0.0048477 0.0134062 0.0272650 0.0106973 0.0066091 -0.0681336 -0.0108780 -0.0301062 -0.0323506 -0.0268058 -0.0099584 -0.0178213 -0.0334558 -0.0419112 -0.0356154 0.0075633 -0.0212239 0.0147878 0.0054760 0.0069296 -0.0036284 -0.0142801 0.0034279 -0.0261685 0.0039808 -0.0229395 0.0188905 -0.0282832 -0.0498269 -0.0512506 -0.0085842 -0.0208938 -0.0198387 -0.0319414 -0.0626192 -0.0334764 -0.1302457 -0.1347306 -0.0328552 -0.0352981 -0.0228275 -0.0723969 -0.0464202 -0.1785665 -0.0426423 -0.0839788 -0.0682822 -0.0691099 -0.0310603 -0.1292124 -0.0416279 -0.1533373
0.0640858 0.0656013 0.0683755 0.0634237 0.0689491 0.0683114 0.0694493 0.0727476 0.8723949 0.0985448 0.1067428 0.0992049 0.1013551 0.0966711 0.0678887 0.0707706 -0.0582201 -0.0332676 -0.0295142 -0.0440917 -0.0567308 -0.0309063 -0.0441961 -0.0428814 0.0360238 0.0275757 0.0333024 0.0267091 0.0284899 0.0322179 0.0400607 0.0284361 0.0303319 0.0278352 0.0129710 0.0372726 0.0242409 0.0262165 0.0257818 0.0241100 0.0135540 0.0109785 0.0167652 0.0089090 0.0185204 0.0261072 0.0142165 0.0099799 -0.0634866 -0.0099613 -0.0229509 -0.0372641 -0.0254296 -0.0106191 -0.0115498 -0.0320874 -0.0417142 -0.0269230 0.0095790 -0.0182259 0.0177709 0.0092922 0.0108547 -0.0005462 -0.0103244 0.0065720 -0.0224998 0.0100653 -0.0201459 0.0195264 -0.0258320 -0.0493452 -0.0443078 -0.0115916 -0.0193680 -0.0212105 -0.0389787 -0.0594466 -0.0290558 -0.1258689 -0.1292571 -0.0293787 -0.0380357 -0.0193934 -0.0749890 -0.0460450 -0.1713496 -0.0415757 -0.0827580 -0.0713329 -0.0695721 -0.0292521 -0.1284834 -0.0390122 -0.1537581
0.0604646 0.0644717 0.0668333 0.0579874 0.0640732 0.0629600 0.0701148 0.0687629 0.0985448 0.8527216 0.0999125 0.1049013 0.1156854 0.1028525 0.0648379 0.0679796 -0.0605051 -0.0315009 -0.0312377 -0.0421780 -0.0576735 -0.0270601 -0.0448073 -0.0429944 0.0296837 0.0270671 0.0295418 0.0234590 0.0237013 0.0275159 0.0318372 0.0239413 0.0288668 0.0273433 0.0120594 0.0372276 0.0199056 0.0247217 0.0287452 0.0243169 0.0076715 0.0089233 0.0156832 0.0071564 0.0158938 0.0222124 0.0091772 0.0087795 -0.0668696 -0.0093118 -0.0253912 -0.0332609 -0.0264412 -0.0082032 -0.0176165 -0.0295155 -0.0383133 -0.0292800 0.0061593 -0.0181261 0.0136042 0.0060049 0.0072188 -0.0052793 -0.0111299 0.0026557 -0.0250230 0.0072209 -0.0231694 0.0131437 -0.0285651 -0.0486740 -0.0462002 -0.0143297 -0.0221334 -0.0178271 -0.0340570 -0.0597709 -0.0309536 -0.1211357 -0.1246799 -0.0307321 -0.0348987 -0.0188993 -0.0746972 -0.0437456 -0.1672248 -0.0440178 -0.0798806 -0.0682517 -0.0691896 -0.0285507 -0.1227130 -0.0405377 -0.1490645
0.0611828 0.0656926 0.0630846 0.0618908 0.0641429 0.0627395 0.0678048 0.0677671 0.1067428 0.0999125 0.8722790 0.1138746 0.1037642 0.1014397 0.0692648 0.0686470 -0.0588058 -0.0352273 -0.0270867 -0.0458178 -0.0559180 -0.0291176 -0.0430574 -0.0461060 0.0330901 0.0252556 0.0314352 0.0280090 0.0283504 0.0279433 0.0374244 0.0251679 0.0314045 0.0272882 0.0144279 0.0379770 0.0250456 0.0249103 0.0289245 0.0243066 0.0139606 0.0105317 0.0169960 0.0073613 0.0157325 0.0261508 0.0099335 0.0082465 -0.0643062 -0.0111061 -0.0225298 -0.0342329 -0.0244963 -0.0092921 -0.0137845 -0.0329552 -0.0424918 -0.0254262 0.0114463 -0.0168813 0.0139866 0.0056401 0.0055164 -0.0005944 -0.0126740 0.0030115 -0.0218839 0.0076468 -0.0232688 0.0150802 -0.0257667 -0.0495705 -0.0464427 -0.0129853 -0.0193191 -0.0211560 -0.0363342 -0.0595103 -0.0324600 -0.1223647 -0.1256861 -0.0308592 -0.0328517 -0.0196819 -0.0742889 -0.0459697 -0.1681167 -0.0424950 -0.0854053 -0.0672808 -0.0665582 -0.0259939 -0.1275941 -0.0385359 -0.1530665
0.0687712 0.0686369 0.0669191 0.0613487 0.0666756 0.0661679 0.0725486 0.0759314 0.0992049 0.1049013 0.1138746 0.8606204 0.1076266 0.1022753 0.0658198 0.0714073 -0.0606824 -0.0309428 -0.0284986 -0.0451339 -0.0587552 -0.0268937 -0.0406521 -0.0443255 0.0294693 0.0233298 0.0290482 0.0223804 0.0250561 0.0287143 0.0348844 0.0233030 0.0287462 0.0280966 0.0142219 0.0384382 0.0229997 0.0233930 0.0261657 0.0196952 0.0130939 0.0086320 0.0205776 0.0045596 0.0192182 0.0219300 0.0120123 0.0057710 -0.0703185 -0.0118683 -0.0231507 -0.0344622 -0.0236886 -0.0065291 -0.0171425 -0.0339921 -0.0426106 -0.0240006 0.0098054 -0.0237696 0.0132995 0.0056595 0.0062304 -0.0057351 -0.0118207 0.0015184 -0.0210284 0.0053714 -0.0213484 0.0165614 -0.0253084 -0.0509557 -0.0483125 -0.0186273 -0.0245620 -0.0198377 -0.0379163 -0.0624270 -0.0281882 -0.1228298 -0.1262280 -0.0314415 -0.0364922 -0.0235792 -0.0777232 -0.0470280 -0.1676219 -0.0427225 -0.0841881 -0.0714534 -0.0702321 -0.0316130 -0.1241086 -0.0388177 -0.1547307
0.0578594 0.0640445 0.0669463 0.0579898 0.0669881 0.0642185 0.0685779 0.0662564 0.1013551 0.1156854 0.1037642 0.1076266 0.8560557 0.1102649 0.0682405 0.0696321 -0.0625681 -0.0317909 -0.0279037 -0.0454331 -0.0597014 -0.0250483 -0.0431582 -0.0444083 0.0313410 0.0233200 0.0341893 0.0237829 0.0266643 0.0278508 0.0366453 0.0249603 0.0309064 0.0279219 0.0102084 0.0375836 0.0240454 0.0260295 0.0278856 0.0212042 0.0082708 0.0074354 0.0139251 0.0102085 0.0148352 0.0208852 0.0129261 0.0049863 -0.0662298 -0.0100236 -0.0277138 -0.0295034 -0.0218157 -0.0134063 -0.0148764 -0.0327996 -0.0414397 -0.0286560 0.0108354 -0.0205798 0.0147689 0.0038845 0.0067781 -0.0090789 -0.0100753 0.0038716 -0.0246047 0.0045451 -0.0227776 0.0158265 -0.0274094 -0.0484986 -0.0494664 -0.0128725 -0.0215384 -0.0193112 -0.0356085 -0.0601262 -0.0285196 -0.1265116 -0.1266997 -0.0326446 -0.0374868 -0.0228230 -0.0773982 -0.0472090 -0.1693462 -0.0447610 -0.0835568 -0.0698752 -0.0702411 -0.0302329 -0.1258520 -0.0412498 -0.1514498
0.0580842 0.0610762 0.0636564 0.0570259 0.0650266 0.0616491 0.0675573 0.0672119 0.0966711 0.1028525 0.1014397 0.1022753 0.1102649 0.8553650 0.0668781 0.0606079 -0.0553323 -0.0286696 -0.0235496 -0.0452572 -0.0569268 -0.0240647 -0.0425953 -0.0404875 0.0318202 0.0210119 0.0289895 0.0238377 0.0260864 0.0261100 0.0318426 0.0231517 0.0249445 0.0270818 0.0128115 0.0363877 0.0233516 0.0227488 0.0232701 0.0255889 0.0114465 0.0087575 0.0173229 0.0077927 0.0143179 0.0247357 0.0109689 0.0087327 -0.0649279 -0.0113828 -0.0253712 -0.0367123 -0.0254913 -0.0138225 -0.0148207 -0.0287654 -0.0434290 -0.0289217 0.0087260 -0.0185646 0.0137495 0.0028643 0.0046736 -0.0023174 -0.0132582 0.0038706 -0.0225942 0.0074688 -0.0207130 0.0129183 -0.0269261 -0.0504112 -0.0465749 -0.0118614 -0.0208618 -0.0170714 -0.0331042 -0.0579063 -0.0299882 -0.1235832 -0.1220625 -0.0334026 -0.0333658 -0.0201355 -0.0771004 -0.0430754 -0.1667598 -0.0418547 -0.0849501 -0.0682406 -0.0678046 -0.0261894 -0.1246722 -0.0321478 -0.1494392
0.0611265 0.0598731 0.0678183 0.0599138 0.0609205 0.0612682 0.0625592 0.0675410 0.0678887 0.0648379 0.0692648 0.0658198 0.0682405 0.0668781 0.8520272 0.0658496 -0.0500571 -0.0281703 -0.0232918 -0.0441874 -0.0521998 -0.0194911 -0.0392459 -0.0398070 0.0285081 0.0236452 0.0323735 0.0232739 0.0251209 0.0283101 0.0375313 0.0219631 0.0279639 0.0251105 0.0158757 0.0325741 0.0205491 0.0267713 0.0254563 0.0258982 0.0056431 0.0112650 0.0147819 0.0079770 0.0153572 0.0244386 0.0066250 0.0089812 -0.0592325 -0.0076200 -0.0204711 -0.0322126 -0.0204959 -0.0075028 -0.0116941 -0.0272450 -0.0356350 -0.0222372 0.0117022 -0.0157372 0.0129205 0.0045748 0.0046837 -0.0062132 -0.0119314 -0.0034762 -0.0202577 0.0079286 -0.0239228 0.0142305 -0.0219581 -0.0436785 -0.0424895 -0.0156769 -0.0200848 -0.0202273 -0.0358765 -0.0529300 -0.0300459 -0.1114945 -0.1174876 -0.0250115 -0.0255034 -0.0177885 -0.0661604 -0.0406338 -0.1581537 -0.0398080 -0.0747838 -0.0620933 -0.0607848 -0.0278565 -0.1112104 -0.0371075 -0.1381927
0.0603815 0.0652180 0.0638896 0.0608381 0.0640558 0.0655099 0.0669402 0.0669842 0.0707706 0.0679796 0.0686470 0.0714073 0.0696321 0.0606079 0.0658496 0.8597319 -0.0579108 -0.0344041 -0.0289832 -0.0401448 -0.0516683 -0.0215945 -0.0412735 -0.0399935 0.0304811 0.0296352 0.0313583 0.0237517 0.0277271 0.0297568 0.0382166 0.0294972 0.0356013 0.0248086 0.0181634 0.0371040 0.0228419 0.0265408 0.0261711 0.0213721 0.0111417 0.0125125 0.0217686 0.0049595 0.0138069 0.0251393 0.0131574 0.0055380 -0.0595596 -0.0100818 -0.0199052 -0.0334555 -0.0222025 -0.0093051 -0.0169500 -0.0297647 -0.0382841 -0.0221546 0.0087755 -0.0147042 0.0151143 0.0056406 0.0068796 -0.0033670 -0.0077761 0.0023983 -0.0202286 0.0056838 -0.0244666 0.0144666 -0.0214500 -0.0463306 -0.0442167 -0.0085952 -0.0199420 -0.0148878 -0.0314010 -0.0570488 -0.0270683 -0.1128925 -0.1171870 -0.0262992 -0.0323300 -0.0191664 -0.0670591 -0.0441778 -0.1610668 -0.0390161 -0.0726330 -0.0648357 -0.0634428 -0.0253587 -0.0954600 -0.0410244 -0.1437388
-0.0489624 -0.0565308 -0.0560360 -0.0522394 -0.0596466 -0.0565877 -0.0617649 -0.0598050 -0.0582201 -0.0605051 -0.0588058 -0.0606824 -0.0625681 -0.0553323 -0.0500571 -0.0579108 1.0901288 0.0447876 0.0442783 0.0765055 0.0814530 0.0376151 0.0570325 0.0771772 -0.0494012 -0.0445756 -0.0496086 -0.0337475 -0.0485274 -0.0468462 -0.0606974 -0.0525230 -0.0567023 -0.0258075 -0.0241707 -0.0518873 -0.0325123 -0.0346767 -0.0444780 -0.0415067 -0.0159169 -0.0205201 -0.0394669 -0.0260592 -0.0335741 -0.0346403 -0.0191705 -0.0345070 0.0559332 -0.0144695 0.0052672 0.0215300 -0.0131741 -0.0019213 0.0069796 0.0128735 0.0296182 0.0081528 -0.0397516 -0.0018851 -0.0358553 -0.0375036 -0.0361025 -0.0212678 -0.0111928 -0.0190661 -0.0037416 -0.0330830 -0.0008635 -0.0342273 -0.0014625 0.0308084 0.0302371 -0.0017903 0.0023008 -0.0081569 0.0117082 0.0287131 0.0159792 0.1004983 0.1067687 0.0098623 0.0205834 -0.0016373 0.0575308 0.0177805 0.1566385 0.0231725 0.0665328 0.0229412 0.0242523 -0.0064156 0.1031520 0.0256825 0.1334382
-0.0288854 -0.0290436 -0.0355094 -0.0312555 -0.0331992 -0.0327014 -0.0329797 -0.0352415 -0.0332676 -0.0315009 -0.0352273 -0.0309428 -0.0317909 -0.0286696 -0.0281703 -0.0344041 0.0447876 1.0203196 0.0453064 0.0546751 0.0519339 0.0408904 0.0472666 0.0457898 -0.0312825 -0.0361194 -0.0348293 -0.0301366 -0.0292874 -0.0376015 -0.0422027 -0.0377151 -0.0370780 -0.0160070 -0.0273221 -0.0390588 -0.0269290 -0.0314922 -0.0349473 -0.0350855 -0.0143493 -0.0288781 -0.0252180 -0.0181947 -0.0172067 -0.0302288 -0.0234338 -0.0253696 0.0227599 -0.0146718 0.0016129 -0.0088020 -0.0120865 0.0004335 -0.0164526 0.0007665 0.0117539 0.0064855 -0.0280370 -0.0054524 -0.0339092 -0.0338550 -0.0328956 -0.0179524 -0.0084880 -0.0201848 -0.0055187 -0.0237278 -0.0137771 -0.0260777 -0.0091218 0.0148731 0.0131826 -0.0074274 -0.0046931 0.0059655 -0.0007236 0.0228772 0.0079051 0.0540533 0.0568226 0.0029991 0.0125269 -0.0073044 0.0302048 0.0185645 0.0965323 0.0012642 0.0313228 0.0143329 0.0160718 0.0022175 0.0675596 0.0009269 0.0879804
-0.0256602 -0.0265409 -0.0258886 -0.0264888 -0.0301444 -0.0307747 -0.0258886 -0.0268658 -0.0295142 -0.0312377 -0.0270867 -0.0284986 -0.0279037 -0.0235496 -0.0232918 -0.0289832 0.0442783 0.0453064 1.0135503 0.0515558 0.0573267 0.0367839 0.0408595 0.0426465 -0.0300325 -0.0248767 -0.0247298 -0.0281314 -0.0270377 -0.0352313 -0.0334586 -0.0322871 -0.0349011 -0.0136919 -0.0257374 -0.0261881 -0.0293778 -0.0301112 -0.0325033 -0.0274811 -0.0194026 -0.0228678 -0.0271500 -0.0180951 -0.0072072 -0.0237730 -0.0223558 -0.0193902 0.0273534 -0.0091747 0.0010700 -0.0063781 -0.0044619 -0.0046410 -0.0090073 0.0094076 -0.0001209 -0.0019477 -0.0273905 -0.0004642 -0.0330175 -0.0262432 -0.0263939 -0.0143579 -0.0126717 -0.0214734 -0.0070546 -0.0177563 -0.0212153 -0.0239530 -0.0143696 0.0014933 0.0042693 -0.0059129 -0.0060753 -0.0034860 0.0000338 0.0093439 0.0001707 0.0506490 0.0618921 -0.0037446 0.0119483 -0.0159125 0.0221294 0.0095862 0.0793749 0.0034881 0.0096588 0.0118467 0.0110509 -0.0013692 0.0566221 -0.0000331 0.0646959
-0.0415207 -0.0404495 -0.0471831 -0.0443361 -0.0471288 -0.0458462 -0.0416814 -0.0454365 -0.0440917 -0.0421780 -0.0458178 -0.0451339 -0.0454331 -0.0452572 -0.0441874 -0.0401448 0.0765055 0.0546751 0.0515558 1.0742382 0.0613114 0.0577623 0.0766275 0.0568768 -0.0402301 -0.0369274 -0.0426174 -0.0367707 -0.0427858 -0.0452492 -0.0529088 -0.0438134 -0.0453890 -0.0213875 -0.0301948 -0.0437541 -0.0241144 -0.0379560 -0.0389359 -0.0396682 -0.0310188 -0.0325008 -0.0382989 -0.0240760 -0.0248477 -0.0421736 -0.0351523 -0.0200765 0.0408384 -0.0046736 0.0094620 0.0135405 0.0055491 -0.0055278 -0.0097442 -0.0063837 0.0111841 0.0109514 -0.0333897 0.0051119 -0.0365786 -0.0344818 -0.0319511 -0.0249605 -0.0081576 -0.0246887 -0.0035032 -0.0196065 -0.0181522 -0.0265254 -0.0123980 0.0121331 0.0171396 0.0090123 0.0044667 -0.0125968 0.0023206 0.0215448 0.0016069 0.0780787 0.0621919 -0.0016573 -0.0062611 0.0029264 0.0245111 0.0120789 0.1310345 0.0173559 0.0501705 0.0301276 0.0316367 0.0061260 0.0890982 -0.0121022 0.1086978
-0.0480330 -0.0536655 -0.0560088 -0.0522624 -0.0568566 -0.0523021 -0.0574600 -0.0569241 -0.0567308 -0.0576735 -0.0559180 -0.0587552 -0.0597014 -0.0569268 -0.0521998 -0.0516683 0.0814530 0.0519339 0.0573267 0.0613114 1.1126022 0.0540009 0.0665873 0.0702011 -0.0477906 -0.0390468 -0.0397554 -0.0413461 -0.0456774 -0.0568907 -0.0525287 -0.0503522 -0.0551207 -0.0259307 -0.0335290 -0.0511004 -0.0452444 -0.0403767 -0.0464408 -0.0402032 -0.0203168 -0.0310205 -0.0421284 -0.0267478 -0.0262792 -0.0403522 -0.0280723 -0.0395292 0.0568725 -0.0059972 0.0033365 0.0256586 0.0052406 -0.0130304 -0.0148932 0.0090607 0.0196825 -0.0003431 -0.0441688 -0.0068403 -0.0426234 -0.0324592 -0.0312701 -0.0157764 -0.0111339 -0.0282711 -0.0017918 -0.0406052 -0.0078554 -0.0318658 0.0017254 0.0285605 0.0253160 -0.0010751 0.0037279 -0.0165390 0.0122613 0.0474129 0.0045411 0.0959727 0.1016086 0.0032689 0.0113876 0.0069526 0.0439694 0.0125295 0.1599503 0.0236226 0.0670394 0.0319014 0.0313991 0.0122141 0.1117650 0.0271914 0.1301074
-0.0203819 -0.0239644 -0.0268732 -0.0279450 -0.0250536 -0.0242596 -0.0251105 -0.0267890 -0.0309063 -0.0270601 -0.0291176 -0.0268937 -0.0250483 -0.0240647 -0.0194911 -0.0215945 0.0376151 0.0408904 0.0367839 0.0577623 0.0540009 1.0248848 0.0502673 0.0567462 -0.0362383 -0.0229150 -0.0314153 -0.0219524 -0.0354803 -0.0390251 -0.0387347 -0.0342485 -0.0373269 -0.0139393 -0.0217620 -0.0303049 -0.0294385 -0.0248257 -0.0367898 -0.0284138 -0.0239819 -0.0311182 -0.0279842 -0.0192095 -0.0203714 -0.0333865 -0.0267318 -0.0226153 0.0284018 -0.0153814 0.0050095 0.0076497 0.0063010 -0.0102397 -0.0192158 -0.0051921 -0.0015708 0.0070545 -0.0200348 0.0016971 -0.0368985 -0.0233526 -0.0224498 -0.0221654 -0.0231799 -0.0231721 -0.0120987 -0.0229423 -0.0169704 -0.0217133 -0.0180036 0.0035630 0.0047809 -0.0057239 -0.0051631 -0.0103491 -0.0000269 0.0262131 0.0199908 0.0506258 0.0431891 -0.0086667 -0.0051137 0.0010891 0.0153342 0.0083911 0.0791243 0.0049002 0.0212898 0.0152553 0.0166632 -0.0014933 0.0573948 -0.0048196 0.0686502
-0.0404304 -0.0408188 -0.0445465 -0.0412415 -0.0463241 -0.0424918 -0.0460238 -0.0456258 -0.0441961 -0.0448073 -0.0430574 -0.0406521 -0.0431582 -0.0425953 -0.0392459 -0.0412735 0.0570325 0.0472666 0.0408595 0.0766275 0.0665873 0.0502673 1.0563859 0.0606248 -0.0416661 -0.0395209 -0.0417347 -0.0366862 -0.0399987 -0.0443907 -0.0416796 -0.0384804 -0.0430215 -0.0201985 -0.0301995 -0.0473600 -0.0388669 -0.0348655 -0.0451304 -0.0375949 -0.0181791 -0.0267913 -0.0329393 -0.0194782 -0.0272291 -0.0331231 -0.0288701 -0.0252320 0.0322479 -0.0053301 0.0116351 0.0132667 0.0005822 -0.0048298 -0.0119397 0.0056327 0.0043066 0.0243082 -0.0241247 0.0011111 -0.0397696 -0.0283856 -0.0281813 -0.0266411 -0.0165993 -0.0183314 -0.0070361 -0.0256028 -0.0111992 -0.0260990 -0.0125554 0.0172184 0.0095185 0.0058619 -0.0048101 -0.0124131 0.0086462 0.0224944 0.0120189 0.0834445 0.0734146 0.0026904 0.0050650 0.0066403 0.0388513 0.0158604 0.1195254 0.0258663 0.0526252 0.0220694 0.0232790 0.0017790 0.0835839 0.0045376 0.1112618
-0.0328694 -0.0433481 -0.0446130 -0.0374360 -0.0439774 -0.0417551 -0.0452866 -0.0503315 -0.0428814 -0.0429944 -0.0461060 -0.0443255 -0.0444083 -0.0404875 -0.0398070 -0.0399935 0.0771772 0.0457898 0.0426465 0.0568768 0.0702011 0.0567462 0.0606248 1.0565076 -0.0379351 -0.0262420 -0.0401921 -0.0278131 -0.0357009 -0.0415470 -0.0470988 -0.0326925 -0.0495172 -0.0200838 -0.0337313 -0.0401537 -0.0312629 -0.0309270 -0.0382980 -0.0379023 -0.0161602 -0.0284280 -0.0334477 -0.0200736 -0.0183242 -0.0317626 -0.0205901 -0.0343409 0.0290351 -0.0106828 0.0101649 0.0196914 -0.0080346 -0.0040693 -0.0002943 0.0013486 0.0127610 0.0064786 -0.0323345 -0.0121247 -0.0322836 -0.0282191 -0.0278587 -0.0273624 -0.0151168 -0.0267265 -0.0072237 -0.0337000 -0.0070192 -0.0202260 -0.0044760 0.0211517 0.0203609 -0.0072480 -0.0050280 -0.0044239 0.0074714 0.0298181 -0.0004487 0.0730776 0.0631131 -0.0021674 0.0036443 -0.0065387 0.0422271 0.0073831 0.1194887 0.0074734 0.0323290 0.0298145 0.0291691 -0.0029745 0.0775957 0.0091066 0.0976598
0.0299024 0.0303147 0.0295587 0.0303697 0.0347952 0.0325068 0.0309628 0.0319978 0.0360238 0.0296837 0.0330901 0.0294693 0.0313410 0.0318202 0.0285081 0.0304811 -0.0494012 -0.0312825 -0.0300325 -0.0402301 -0.0477906 -0.0362383 -0.0416661 -0.0379351 0.8439168 0.0229151 0.0306186 0.0429861 0.0569797 0.0675724 0.0673968 0.0438046 0.0260935 0.0181303 0.0148545 0.0286518 0.0162146 0.0185049 0.0140935 0.0221784 0.0044115 0.0087151 0.0153539 0.0053570 0.0132823 0.0210632 0.0062340 0.0038201 -0.0457107 -0.0119789 -0.0214461 -0.0232493 -0.0211608 -0.0075055 -0.0156309 -0.0176352 -0.0239802 -0.0229849 0.0068774 -0.0126879 0.0061568 -0.0016315 0.0002439 0.0027433 -0.0059117 0.0061193 -0.0134501 0.0016554 -0.0062303 0.0167394 -0.0139329 -0.0322204 -0.0350955 -0.0117385 -0.0167684 -0.0079560 -0.0256459 -0.0386434 -0.0264379 -0.0786641 -0.0928000 -0.0167427 -0.0153575 -0.0095943 -0.0525557 -0.0308658 -0.1230169 -0.0244519 -0.0571519 -0.0467426 -0.0480364 -0.0153919 -0.0907889 -0.0225186 -0.1093793
0.0248632 0.0221120 0.0233036 0.0220424 0.0256238 0.0255634 0.0255874 0.0294498 0.0275757 0.0270671 0.0252556 0.0233298 0.0233200 0.0210119 0.0236452 0.0296352 -0.0445756 -0.0361194 -0.0248767 -0.0369274 -0.0390468 -0.0229150 -0.0395209 -0.0262420 0.0229151 0.8553931 0.0636315 0.0129230 0.0313717 0.0202775 0.0316501 0.0215415 0.0230135 0.0154484 0.0065965 0.0266115 0.0132689 0.0144527 0.0163535 0.0211277 0.0028699 0.0103486 0.0095606 -0.0012670 0.0054375 0.0183822 0.0078783 -0.0018788 -0.0377752 -0.0028888 -0.0118798 -0.0199500 -0.0060734 -0.0008390 -0.0005049 -0.0202159 -0.0198833 -0.0150054 0.0086774 -0.0069018 0.0198509 0.0085036 0.0090978 -0.0008884 -0.0036725 0.0024621 -0.0162783 -0.0011529 -0.0161566 0.0065377 -0.0158682 -0.0305250 -0.0204281 -0.0077691 -0.0080336 -0.0134369 -0.0189771 -0.0387057 -0.0163444 -0.0627005 -0.0719418 -0.0093657 -0.0201646 -0.0066188 -0.0390431 -0.0178992 -0.1148374 -0.0202347 -0.0472418 -0.0397993 -0.0379991 -0.0101048 -0.0709342 -0.0252021 -0.0925684
0.0271092 0.0282448 0.0331087 0.0302719 0.0332583 0.0321667 0.0323551 0.0332414 0.0333024 0.0295418 0.0314352 0.0290482 0.0341893 0.0289895 0.0323735 0.0313583 -0.0496086 -0.0348293 -0.0247298 -0.0426174 -0.0397554 -0.0314153 -0.0417347 -0.0401921 0.0306186 0.0636315 0.8518354 0.0233202 0.0280333 0.0317085 0.0327797 0.0310631 0.0255034 0.0172599 0.0116012 0.0218728 0.0187062 0.0145653 0.0184639 0.0246890 0.0038434 0.0120865 0.0138283 0.0066407 0.0092744 0.0141879 0.0088898 0.0044496 -0.0454779 -0.0069833 -0.0238290 -0.0179638 -0.0175893 -0.0099510 -0.0107987 -0.0242480 -0.0239114 -0.0122370 0.0052048 -0.0015385 0.0138924 0.0057638 0.0046434 0.0096082 0.0003748 -0.0023444 -0.0117340 0.0021215 -0.0102644 0.0137956 -0.0088102 -0.0338885 -0.0336975 -0.0080071 -0.0089395 -0.0074958 -0.0235898 -0.0392720 -0.0209048 -0.0827169 -0.0890385 -0.0139122 -0.0161520 -0.0105597 -0.0426261 -0.0253759 -0.1199642 -0.0279114 -0.0508760 -0.0466252 -0.0455167 -0.0138143 -0.0830322 -0.0201643 -0.1006145
0.0151110 0.0205799 0.0237092 0.0237866 0.0214218 0.0241377 0.0227078 0.0243400 0.0267091 0.0234590 0.0280090 0.0223804 0.0237829 0.0238377 0.0232739 0.0237517 -0.0337475 -0.0301366 -0.0281314 -0.0367707 -0.0413461 -0.0219524 -0.0366862 -0.0278131 0.0429861 0.0129230 0.0233202 0.8648139 0.0571898 0.0378527 0.0337007 0.0462855 0.0081204 0.0141138 0.0032756 0.0198713 0.0162486 0.0120580 0.0142850 0.0044835 0.0154747 0.0099173 0.0116214 0.0025840 0.0044782 0.0239342 0.0229660 0.0048702 -0.0419567 -0.0122236 -0.0061843 -0.0137264 -0.0081834 0.0080212 -0.0046139 -0.0268881 -0.0166489 -0.0187136 0.0074087 -0.0114621 0.0106251 0.0060561 0.0045225 0.0015996 -0.0047663 -0.0016813 -0.0221910 0.0047494 -0.0123521 0.0118165 -0.0133656 -0.0218020 -0.0141713 -0.0114552 -0.0143416 -0.0080103 -0.0212943 -0.0370320 -0.0213373 -0.0696107 -0.0692384 -0.0150285 -0.0159551 -0.0124071 -0.0441451 -0.0233441 -0.1001750 -0.0236747 -0.0577042 -0.0439699 -0.0430750 -0.0220140 -0.0770330 -0.0228754 -0.0889195
0.0240285 0.0257347 0.0246895 0.0286866 0.0259860 0.0285120 0.0256036 0.0263275 0.0284899 0.0237013 0.0283504 0.0250561 0.0266643 0.0260864 0.0251209 0.0277271 -0.0485274 -0.0292874 -0.0270377 -0.0427858 -0.0456774 -0.0354803 -0.0399987 -0.0357009 0.0569797 0.0313717 0.0280333 0.0571898 0.8593129 0.0490907 0.0429820 0.0591957 0.0162204 0.0159736 0.0063776 0.0205544 0.0136323 0.0180658 0.0171827 0.0120362 0.0085971 -0.0007882 0.0115347 0.0014101 0.0051307 0.0152250 0.0052688 0.0004299 -0.0293471 -0.0105608 -0.0128313 -0.0294970 -0.0074073 0.0029455 -0.0097053 -0.0219525 -0.0190440 -0.0115489 0.0079598 -0.0094806 0.0162220 0.0080606 0.0091794 0.0080829 -0.0061025 0.0023032 -0.0184955 0.0000997 -0.0164501 0.0142618 -0.0133689 -0.0254309 -0.0260657 -0.0089331 -0.0147382 -0.0103993 -0.0199282 -0.0398765 -0.0168366 -0.0703080 -0.0744929 -0.0122957 -0.0216383 -0.0088105 -0.0460511 -0.0328179 -0.1130612 -0.0298596 -0.0492911 -0.0419487 -0.0429351 -0.0198767 -0.0810852 -0.0255893 -0.0951190
0.0220652 0.0282902 0.0297370 0.0274049 0.0291568 0.0292941 0.0302004 0.0268321 0.0322179 0.0275159 0.0279433 0.0287143 0.0278508 0.0261100 0.0283101 0.0297568 -0.0468462 -0.0376015 -0.0352313 -0.0452492 -0.0568907 -0.0390251 -0.0443907 -0.0415470 0.0675724 0.0202775 0.0317085 0.0378527 0.0490907 0.8572490 0.0622821 0.0431135 0.0131033 0.0167921 0.0112609 0.0234839 0.0178468 0.0273994 0.0137730 0.0230511 0.0037000 0.0100617 0.0187005 0.0066737 0.0110345 0.0168880 0.0123295 0.0126161 -0.0424575 -0.0123318 -0.0194575 -0.0177162 -0.0115082 -0.0035790 -0.0021212 -0.0230220 -0.0267974 -0.0181429 0.0027199 -0.0123561 0.0181014 0.0097049 0.0093787 0.0110744 -0.0077073 0.0046019 -0.0136150 0.0128461 -0.0038353 0.0196234 -0.0087151 -0.0330019 -0.0237377 -0.0158827 -0.0198344 0.0022883 -0.0265846 -0.0387286 -0.0229036 -0.0803358 -0.0824296 -0.0099263 -0.0144854 -0.0148907 -0.0435916 -0.0243954 -0.1225904 -0.0254865 -0.0569770 -0.0461068 -0.0453635 -0.0189450 -0.0852796 -0.0228582 -0.1057487
0.0322492 0.0328250 0.0385741 0.0363804 0.0406196 0.0354006 0.0368761 0.0391787 0.0400607 0.0318372 0.0374244 0.0348844 0.0366453 0.0318426 0.0375313 0.0382166 -0.0606974 -0.0422027 -0.0334586 -0.0529088 -0.0525287 -0.0387347 -0.0416796 -0.0470988 0.0673968 0.0316501 0.0327797 0.0337007 0.0429820 0.0622821 0.8430805 0.0407575 0.0236181 0.0208972 0.0130814 0.0338926 0.0236630 0.0251334 0.0264115 0.0248662 0.0080596 0.0094763 0.0232622 0.0078628 0.0154960 0.0276832 0.0116841 0.0109314 -0.0568821 -0.0049563 -0.0191472 -0.0160566 -0.0124536 -0.0036502 -0.0058429 -0.0201402 -0.0320732 -0.0224661 0.0193226 -0.0109977 0.0136085 0.0057826 0.0066429 0.0007984 -0.0033482 0.0029177 -0.0178228 0.0107825 -0.0081999 0.0249806 -0.0133578 -0.0390475 -0.0302595 -0.0079673 -0.0113956 -0.0111514 -0.0266307 -0.0457928 -0.0262222 -0.0900153 -0.0996660 -0.0178581 -0.0229531 -0.0083299 -0.0574046 -0.0330197 -0.1355088 -0.0292997 -0.0626852 -0.0482506 -0.0490214 -0.0193888 -0.1042246 -0.0178468 -0.1215047
0.0232534 0.0256850 0.0210875 0.0244410 0.0259871 0.0230188 0.0252850 0.0261543 0.0284361 0.0239413 0.0251679 0.0233030 0.0249603 0.0231517 0.0219631 0.0294972 -0.0525230 -0.0377151 -0.0322871 -0.0438134 -0.0503522 -0.0342485 -0.0384804 -0.0326925 0.0438046 0.0215415 0.0310631 0.0462855 0.0591957 0.0431135 0.0407575 0.8634362 0.0222067 0.0149316 0.0025332 0.0253861 0.0155666 0.0174567 0.0190553 0.0116461 0.0022893 0.0060558 0.0098660 0.0048251 0.0057368 0.0198066 0.0085354 0.0009423 -0.0406744 -0.0073901 -0.0187708 -0.0144097 -0.0160883 0.0023944 -0.0058227 -0.0171212 -0.0213732 -0.0096928 0.0022456 -0.0044214 0.0142539 0.0142297 0.0138888 -0.0001662 -0.0069290 0.0002657 -0.0060977 0.0012160 -0.0072015 0.0124523 -0.0017233 -0.0250356 -0.0240562 -0.0133457 -0.0177430 0.0023113 -0.0170878 -0.0353898 -0.0246366 -0.0647639 -0.0726733 -0.0130840 -0.0222512 -0.0133231 -0.0412252 -0.0287226 -0.1034126 -0.0297947 -0.0438073 -0.0495432 -0.0504430 -0.0184647 -0.0720379 -0.0137130 -0.0907010
0.0249556 0.0247498 0.0327266 0.0271128 0.0308346 0.0314095 0.0315467 0.0325268 0.0303319 0.0288668 0.0314045 0.0287462 0.0309064 0.0249445 0.0279639 0.0356013 -0.0567023 -0.0370780 -0.0349011 -0.0453890 -0.0551207 -0.0373269 -0.0430215 -0.0495172 0.0260935 0.0230135 0.0255034 0.0081204 0.0162204 0.0131033 0.0236181 0.0222067 0.8380705 0.0171599 0.0188218 0.0372803 0.0193284 0.0297734 0.0308974 0.0315005 0.0082786 0.0149104 0.0212843 0.0081580 0.0147467 0.0152182 0.0055823 0.0128589 -0.0426705 0.0025598 -0.0145569 -0.0233146 -0.0107484 -0.0035842 -0.0073680 -0.0189606 -0.0212477 -0.0174972 0.0185304 -0.0135871 0.0144203 0.0096168 0.0099734 0.0075148 -0.0003002 0.0049698 -0.0088946 0.0100030 -0.0093894 0.0165346 -0.0098850 -0.0294566 -0.0297568 -0.0053455 -0.0111625 -0.0079331 -0.0219197 -0.0378246 -0.0230323 -0.0767104 -0.0774801 -0.0162437 -0.0178288 -0.0101186 -0.0450562 -0.0199360 -0.1254980 -0.0203164 -0.0506196 -0.0385813 -0.0404643 -0.0172847 -0.0909166 -0.0259186 -0.0944988
0.0247793 0.0258782 0.0281417 0.0249672 0.0282811 0.0276033 0.0293693 0.0291474 0.0278352 0.0273433 0.0272882 0.0280966 0.0279219 0.0270818 0.0251105 0.0248086 -0.0258075 -0.0160070 -0.0136919 -0.0213875 -0.0259307 -0.0139393 -0.0201985 -0.0200838 0.0181303 0.0154484 0.0172599 0.0141138 0.0159736 0.0167921 0.0208972 0.0149316 0.0171599 0.9551932 0.0100196 0.0189355 0.0136103 0.0145862 0.0154173 0.0145944 0.0080190 0.0084711 0.0124238 0.0053793 0.0088970 0.0132708 0.0085407 0.0085728 -0.0259764 -0.0014956 -0.0068874 -0.0110447 -0.0055016 -0.0007030 -0.0025141 -0.0110316 -0.0138344 -0.0086884 0.0105702 -0.0043302 0.0123045 0.0084771 0.0088488 0.0031198 0.0000256 0.0047742 -0.0063768 0.0087104 -0.0050093 0.0108099 -0.0065061 -0.0177716 -0.0166704 -0.0021613 -0.0048433 -0.0039295 -0.0111666 -0.0229405 -0.0098761 -0.0513791 -0.0541793 -0.0082395 -0.0109945 -0.0035787 -0.0277883 -0.0157288 -0.0756955 -0.0138757 -0.0326794 -0.0253488 -0.0252048 -0.0088773 -0.0521886 -0.0132954 -0.0644890
0.0116071 0.0143773 0.0147779 0.0157036 0.0122980 0.0107996 0.0152742 0.0148003 0.0129710 0.0120594 0.0144279 0.0142219 0.0102084 0.0128115 0.0158757 0.0181634 -0.0241707 -0.0273221 -0.0257374 -0.0301948 -0.0335290 -0.0217620 -0.0301995 -0.0337313 0.0148545 0.0065965 0.0116012 0.0032756 0.0063776 0.0112609 0.0130814 0.0025332 0.0188218 0.0100196 0.8797949 0.0189548 0.0149767 0.0138073 0.0074064 0.0145193 -0.0018353 -0.0018728 0.0126204 -0.0086981 0.0026354 0.0017907 0.0012520 0.0020983 -0.0233269 -0.0065039 -0.0063387 -0.0167884 -0.0055773 -0.0022573 -0.0065244 -0.0135920 -0.0052636 -0.0014176 0.0052484 -0.0025736 0.0045475 -0.0017505 -0.0019585 0.0015177 -0.0054115 0.0013242 -0.0112453 0.0031138 -0.0078265 0.0117139 -0.0061511 -0.0151866 -0.0224765 -0.0060747 -0.0102798 -0.0046536 -0.0071079 -0.0181063 -0.0047634 -0.0491469 -0.0496229 -0.0064012 -0.0027490 -0.0006850 -0.0206618 -0.0154069 -0.0733088 -0.0171303 -0.0231009 -0.0289392 -0.0293672 -0.0087064 -0.0541609 -0.0082977 -0.0582306
0.0302607 0.0318062 0.0376956 0.0311832 0.0370739 0.0327746 0.0369962 0.0386659 0.0372726 0.0372276 0.0379770 0.0384382 0.0375836 0.0363877 0.0325741 0.0371040 -0.0518873 -0.0390588 -0.0261881 -0.0437541 -0.0511004 -0.0303049 -0.0473600 -0.0401537 0.0286518 0.0266115 0.0218728 0.0198713 0.0205544 0.0234839 0.0338926 0.0253861 0.0372803 0.0189355 0.0189548 0.8507476 0.0281490 0.0249767 0.0298471 0.0264995 0.0089871 0.0099512 0.0220779 0.0048695 0.0109803 0.0182391 0.0126130 0.0048173 -0.0412583 -0.0021627 -0.0145308 -0.0233369 -0.0067248 -0.0028874 -0.0106788 -0.0102468 -0.0275223 -0.0195932 0.0178693 -0.0128683 0.0174323 0.0146000 0.0136910 0.0027565 0.0040709 0.0109437 -0.0134069 0.0068528 -0.0086229 0.0228671 -0.0157582 -0.0289239 -0.0271539 -0.0103493 -0.0100538 -0.0084789 -0.0222504 -0.0382769 -0.0209034 -0.0903719 -0.0916026 -0.0131623 -0.0175044 -0.0111903 -0.0485820 -0.0329776 -0.1297078 -0.0260690 -0.0604813 -0.0482020 -0.0483620 -0.0194222 -0.0956359 -0.0289536 -0.1150738
0.0211547 0.0195765 0.0241997 0.0221194 0.0229537 0.0174687 0.0185809 0.0223222 0.0242409 0.0199056 0.0250456 0.0229997 0.0240454 0.0233516 0.0205491 0.0228419 -0.0325123 -0.0269290 -0.0293778 -0.0241144 -0.0452444 -0.0294385 -0.0388669 -0.0312629 0.0162146 0.0132689 0.0187062 0.0162486 0.0136323 0.0178468 0.0236630 0.0155666 0.0193284 0.0136103 0.0149767 0.0281490 0.8612383 0.0176685 0.0256675 0.0190174 -0.0014630 0.0002085 0.0128528 -0.0018409 0.0108502 0.0090839 0.0001896 0.0025710 -0.0332361 -0.0063322 -0.0119314 -0.0107809 -0.0114702 -0.0003760 -0.0006032 -0.0234335 -0.0218663 -0.0142472 0.0139337 -0.0052129 0.0078668 0.0030265 0.0042476 -0.0012696 0.0051537 0.0016674 -0.0088861 0.0033124 -0.0057691 0.0184336 -0.0101118 -0.0196805 -0.0204876 -0.0051180 -0.0050599 -0.0046722 -0.0141966 -0.0339462 -0.0191260 -0.0786671 -0.0803006 -0.0134131 -0.0202515 -0.0035293 -0.0313296 -0.0254848 -0.0993468 -0.0132373 -0.0358485 -0.0357108 -0.0352482 -0.0136501 -0.0746209 -0.0159451 -0.0852803
0.0218848 0.0252964 0.0224510 0.0266620 0.0260827 0.0220039 0.0242954 0.0247068 0.0262165 0.0247217 0.0249103 0.0233930 0.0260295 0.0227488 0.0267713 0.0265408 -0.0346767 -0.0314922 -0.0301112 -0.0379560 -0.0403767 -0.0248257 -0.0348655 -0.0309270 0.0185049 0.0144527 0.0145653 0.0120580 0.0180658 0.0273994 0.0251334 0.0174567 0.0297734 0.0145862 0.0138073 0.0249767 0.0176685 0.8692221 0.0229137 0.0261836 0.0025675 0.0113261 0.0209794 0.0037311 0.0062519 0.0143951 0.0094086 0.0037946 -0.0358617 -0.0010310 -0.0098448 -0.0115514 -0.0092579 -0.0054365 -0.0007685 -0.0154660 -0.0221101 -0.0117594 0.0107065 -0.0148723 0.0112326 0.0053448 0.0054477 0.0017944 -0.0050077 0.0069111 -0.0079988 0.0036675 -0.0025340 0.0202037 -0.0105672 -0.0306143 -0.0203338 -0.0038666 -0.0093980 -0.0110736 -0.0197714 -0.0229992 -0.0141175 -0.0709836 -0.0838890 -0.0107920 -0.0191578 -0.0015543 -0.0331702 -0.0289831 -0.1016363 -0.0190397 -0.0406604 -0.0287711 -0.0294066 -0.0188157 -0.0771258 -0.0201869 -0.0888768
0.0246504 0.0241438 0.0277675 0.0266972 0.0310128 0.0208546 0.0269421 0.0279484 0.0257818 0.0287452 0.0289245 0.0261657 0.0278856 0.0232701 0.0254563 0.0261711 -0.0444780 -0.0349473 -0.0325033 -0.0389359 -0.0464408 -0.0367898 -0.0451304 -0.0382980 0.0140935 0.0163535 0.0184639 0.0142850 0.0171827 0.0137730 0.0264115 0.0190553 0.0308974 0.0154173 0.0074064 0.0298471 0.0256675 0.0229137 0.8481733 0.0228209 0.0023037 0.0041594 0.0124708 0.0088672 0.0052807 0.0228160 0.0074614 0.0116592 -0.0457975 -0.0001127 -0.0102136 -0.0090200 -0.0114275 -0.0034856 0.0032622 -0.0134154 -0.0169267 -0.0213429 0.0123049 -0.0174575 0.0152396 0.0066654 0.0059917 0.0073983 0.0022599 0.0046030 -0.0143201 0.0096686 -0.0113114 0.0065226 -0.0151206 -0.0298512 -0.0291035 -0.0058526 -0.0080208 -0.0107843 -0.0105354 -0.0378401 -0.0141394 -0.0652109 -0.0731065 -0.0175701 -0.0238255 -0.0017516 -0.0453839 -0.0212659 -0.1159201 -0.0242232 -0.0527752 -0.0322580 -0.0332694 -0.0122471 -0.0823383 -0.0281681 -0.0871448
